-10.0	-0.33017	
-9.9	-0.31252	
-9.9	-0.30631	
-9.8	-0.30318	
-9.8	-0.29938	
-9.7	-0.29508	
-9.7	-0.29105	
-9.6	-0.29023	
-9.6	-0.28373	
-9.5	-0.27523	
-9.4	-0.26842	
-9.4	-0.27332	
-9.3	-0.29456	
-9.3	-0.29247	
-9.2	-0.29177	
-9.2	-0.28647	
-9.1	-0.29026	
-9.1	-0.29859	
-9.0	-0.29798	
-8.9	-0.29881	
-8.9	-0.30529	
-8.8	-0.30163	
-8.8	-0.30184	
-8.7	-0.28967	
-8.7	-0.28679	
-8.6	-0.28601	
-8.5	-0.28801	
-8.5	-0.29719	
-8.4	-0.30653	
-8.4	-0.30387	
-8.3	-0.30072	
-8.3	-0.30103	
-8.2	-0.30096	
-8.2	-0.29620	
-8.1	-0.29620	
-8.0	-0.29765	
-8.0	-0.28786	
-7.9	-0.28698	
-7.9	-0.28612	
-7.8	-0.27889	
-7.8	-0.27372	
-7.7	-0.27140	
-7.7	-0.26861	
-7.6	-0.26810	
-7.5	-0.26820	
-7.5	-0.26499	
-7.4	-0.26445	
-7.4	-0.27560	
-7.3	-0.27622	
-7.3	-0.27834	
-7.2	-0.27648	
-7.2	-0.28189	
-7.1	-0.27922	
-7.0	-0.27633	
-7.0	-0.27048	
-6.9	-0.26770	
-6.9	-0.29182	
-6.8	-0.28863	
-6.8	-0.28828	
-6.7	-0.28905	
-6.7	-0.28626	
-6.6	-0.28505	
-6.5	-0.26833	
-6.5	-0.26745	
-6.4	-0.27042	
-6.4	-0.26928	
-6.3	-0.29338	
-6.3	-0.29315	
-6.2	-0.29153	
-6.2	-0.29064	
-6.1	-0.28850	
-6.0	-0.28750	
-6.0	-0.29463	
-5.9	-0.28432	
-5.9	-0.28862	
-5.8	-0.28940	
-5.8	-0.28190	
-5.7	-0.27716	
-5.6	-0.28225	
-5.6	-0.28699	
-5.5	-0.27940	
-5.5	-0.29172	
-5.4	-0.27740	
-5.4	-0.28211	
-5.3	-0.27975	
-5.3	-0.27817	
-5.2	-0.28782	
-5.1	-0.29620	
-5.1	-0.29579	
-5.0	-0.29418	
-5.0	-0.29222	
-4.9	-0.29425	
-4.9	-0.29051	
-4.8	-0.28814	
-4.8	-0.28738	
-4.7	-0.29098	
-4.6	-0.28778	
-4.6	-0.27719	
-4.5	-0.27298	
-4.5	-0.28003	
-4.4	-0.27380	
-4.4	-0.27353	
-4.3	-0.28748	
-4.3	-0.28462	
-4.2	-0.27899	
-4.1	-0.27673	
-4.1	-0.27472	
-4.0	-0.27334	
-4.0	-0.27557	
-3.9	-0.27296	
-3.9	-0.26633	
-3.8	-0.26424	
-3.8	-0.25794	
-3.7	-0.25325	
-3.6	-0.25011	
-3.6	-0.23599	
-3.5	-0.23794	
-3.5	-0.23585	
-3.4	-0.22723	
-3.4	-0.21179	
-3.3	-0.20609	
-3.3	-0.19530	
-3.2	-0.18056	
-3.1	-0.17397	
-3.1	-0.16546	
-3.0	-0.15708	
-3.0	-0.14838	
-2.9	-0.13884	
-2.9	-0.13415	
-2.8	-0.12135	
-2.7	-0.10853	
-2.7	-0.06724	
-2.6	-0.05634	
-2.6	-0.04368	
-2.5	-0.02987	
-2.5	-0.02030	
-2.4	-0.01073	
-2.4	0.00184	
-2.3	0.01198	
-2.2	0.02170	
-2.2	0.03154	
-2.1	0.10764	
-2.1	0.13808	
-2.0	0.16667	
-2.0	0.19496	
-1.9	0.24375	
-1.9	0.28610	
-1.8	0.31895	
-1.7	0.36389	
-1.7	0.39954	
-1.6	0.43429	
-1.6	0.47851	
-1.5	0.53354	
-1.5	0.59942	
-1.4	0.64444	
-1.4	0.69897	
-1.3	0.74849	
-1.2	0.80620	
-1.2	0.84331	
-1.1	0.90412	
-1.1	0.96452	
-1.0	1.08950	
-1.0	1.15203	
-0.9	1.24079	
-0.9	1.29996	
-0.8	1.38627	
-0.7	1.46294	
-0.7	1.61535	
-0.6	1.70637	
-0.6	1.78804	
-0.5	1.83124	
-0.5	1.91453	
-0.4	2.04629	
-0.4	2.12818	
-0.3	2.19364	
-0.2	2.35812	
-0.2	2.49159	
-0.1	2.59435	
-0.1	2.72179	
-0.0	2.91170	
0.0	2.99303	
0.1	3.09038	
0.2	3.21537	
0.2	3.38603	
0.3	3.48744	
0.3	3.70156	
0.4	3.83920	
0.4	3.90458	
0.5	4.13219	
0.5	4.26958	
0.6	4.41894	
0.7	4.45647	
0.7	4.55993	
0.8	4.72494	
0.8	4.95646	
0.9	5.09769	
0.9	5.23288	
1.0	5.45440	
1.0	5.84126	
1.1	5.97498	
1.2	6.13472	
1.2	6.37349	
1.3	6.54175	
1.3	6.71509	
1.4	6.86846	
1.4	7.00691	
1.5	7.21044	
1.5	7.50030	
1.6	7.46348	
1.7	7.55825	
1.7	7.80170	
1.8	8.13207	
1.8	8.33157	
1.9	8.52839	
1.9	8.73222	
2.0	8.92707	
2.0	8.99089	
2.1	9.18098	
2.2	9.57718	
2.2	9.75846	
2.3	9.94420	
2.3	9.86147	
2.4	10.06173	
2.4	10.24903	
2.5	10.42480	
2.5	10.68653	
2.6	10.93245	
2.7	11.33146	
2.7	11.58924	
2.8	12.29283	
2.8	12.60124	
2.9	12.78799	
2.9	13.02159	
3.0	13.24410	
3.1	13.52492	
3.1	13.66548	
3.2	13.85819	
3.2	14.13157	
3.3	13.47125	
3.3	13.73752	
3.4	13.68652	
3.4	13.70252	
3.5	13.69014	
3.6	13.84102	
3.6	15.81767	
3.7	16.05510	
3.7	16.34308	
3.8	16.37438	
3.8	16.57471	
3.9	17.01800	
3.9	16.88145	
4.0	16.95252	
