-10.0	-0.01932	
-9.9	-0.01930	
-9.9	-0.01859	
-9.8	-0.01802	
-9.8	-0.01750	
-9.7	-0.01670	
-9.7	-0.01618	
-9.6	-0.01649	
-9.6	-0.01629	
-9.5	-0.01613	
-9.4	-0.01604	
-9.4	-0.01554	
-9.3	-0.01691	
-9.3	-0.01702	
-9.2	-0.01730	
-9.2	-0.01672	
-9.1	-0.01573	
-9.1	-0.01521	
-9.0	-0.01730	
-8.9	-0.01909	
-8.9	-0.01895	
-8.8	-0.01844	
-8.8	-0.01862	
-8.7	-0.01831	
-8.7	-0.01810	
-8.6	-0.01808	
-8.5	-0.01839	
-8.5	-0.01852	
-8.4	-0.01830	
-8.4	-0.01844	
-8.3	-0.01836	
-8.3	-0.01807	
-8.2	-0.01791	
-8.2	-0.01794	
-8.1	-0.01838	
-8.0	-0.01840	
-8.0	-0.01859	
-7.9	-0.01822	
-7.9	-0.01807	
-7.8	-0.01767	
-7.8	-0.01779	
-7.7	-0.01831	
-7.7	-0.01828	
-7.6	-0.01807	
-7.5	-0.01804	
-7.5	-0.01791	
-7.4	-0.01754	
-7.4	-0.01775	
-7.3	-0.01770	
-7.3	-0.01803	
-7.2	-0.01820	
-7.2	-0.01830	
-7.1	-0.01800	
-7.0	-0.01777	
-7.0	-0.01758	
-6.9	-0.01787	
-6.9	-0.01796	
-6.8	-0.01794	
-6.8	-0.01779	
-6.7	-0.01750	
-6.7	-0.01780	
-6.6	-0.01772	
-6.5	-0.01828	
-6.5	-0.01749	
-6.4	-0.01773	
-6.4	-0.01775	
-6.3	-0.01780	
-6.3	-0.01779	
-6.2	-0.01776	
-6.2	-0.01734	
-6.1	-0.01767	
-6.0	-0.01793	
-6.0	-0.01759	
-5.9	-0.01811	
-5.9	-0.01739	
-5.8	-0.01738	
-5.8	-0.01729	
-5.7	-0.01786	
-5.6	-0.01783	
-5.6	-0.01761	
-5.5	-0.01746	
-5.5	-0.01801	
-5.4	-0.01728	
-5.4	-0.01771	
-5.3	-0.01757	
-5.3	-0.01758	
-5.2	-0.01533	
-5.1	-0.01526	
-5.1	-0.01554	
-5.0	-0.01549	
-5.0	-0.01540	
-4.9	-0.01528	
-4.9	-0.01507	
-4.8	-0.01450	
-4.8	-0.01444	
-4.7	-0.01441	
-4.6	-0.01433	
-4.6	-0.01485	
-4.5	-0.01484	
-4.5	-0.01488	
-4.4	-0.01489	
-4.4	-0.01523	
-4.3	-0.01536	
-4.3	-0.01500	
-4.2	-0.01526	
-4.1	-0.01562	
-4.1	-0.01564	
-4.0	-0.01591	
-4.0	-0.01536	
-3.9	-0.01478	
-3.9	-0.01441	
-3.8	-0.01438	
-3.8	-0.01432	
-3.7	-0.01431	
-3.6	-0.01396	
-3.6	-0.01392	
-3.5	-0.01470	
-3.5	-0.01530	
-3.4	-0.01515	
-3.4	-0.01557	
-3.3	-0.01427	
-3.3	-0.01373	
-3.2	-0.01435	
-3.1	-0.01450	
-3.1	-0.01453	
-3.0	-0.01465	
-3.0	-0.01416	
-2.9	-0.01428	
-2.9	-0.01375	
-2.8	-0.01384	
-2.7	-0.01410	
-2.7	-0.01414	
-2.6	-0.01403	
-2.6	-0.01375	
-2.5	-0.01351	
-2.5	-0.01325	
-2.4	-0.01338	
-2.4	-0.01291	
-2.3	-0.01251	
-2.2	-0.01236	
-2.2	-0.01174	
-2.1	-0.00998	
-2.1	-0.00919	
-2.0	-0.00800	
-2.0	-0.00744	
-1.9	-0.00624	
-1.9	-0.00494	
-1.8	-0.00383	
-1.7	-0.00259	
-1.7	-0.00108	
-1.6	0.00053	
-1.6	0.00213	
-1.5	0.00409	
-1.5	0.00576	
-1.4	0.00797	
-1.4	0.01012	
-1.3	0.01246	
-1.2	0.01538	
-1.2	0.01751	
-1.1	0.02056	
-1.1	0.02490	
-1.0	0.02755	
-1.0	0.03326	
-0.9	0.03577	
-0.9	0.03837	
-0.8	0.04348	
-0.7	0.04729	
-0.7	0.05380	
-0.6	0.06084	
-0.6	0.06550	
-0.5	0.06983	
-0.5	0.07512	
-0.4	0.08271	
-0.4	0.08671	
-0.3	0.09623	
-0.2	0.09986	
-0.2	0.10630	
-0.1	0.11729	
-0.1	0.12335	
-0.0	0.13311	
0.0	0.13737	
0.1	0.14236	
0.2	0.14653	
0.2	0.15670	
0.3	0.15895	
0.3	0.16710	
0.4	0.17835	
0.4	0.20404	
0.5	0.20582	
0.5	0.21552	
0.6	0.22521	
0.7	0.23583	
0.7	0.25429	
0.8	0.26463	
0.8	0.27443	
0.9	0.27736	
0.9	0.27857	
1.0	0.29530	
1.0	0.30450	
1.1	0.33263	
1.2	0.33002	
1.2	0.33855	
1.3	0.35750	
1.3	0.37544	
1.4	0.39772	
1.4	0.39618	
1.5	0.41649	
1.5	0.42521	
1.6	0.44376	
1.7	0.42782	
1.7	0.43711	
1.8	0.44692	
1.8	0.45620	
1.9	0.47998	
1.9	0.48640	
2.0	0.50350	
2.0	0.51192	
2.1	0.52259	
2.2	0.52990	
2.2	0.53690	
2.3	0.53192	
2.3	0.53944	
2.4	0.55000	
2.4	0.58193	
2.5	0.59185	
2.5	0.60188	
2.6	0.60934	
2.7	0.60169	
2.7	0.65108	
2.8	0.67532	
2.8	0.70410	
2.9	0.70586	
2.9	0.70290	
3.0	0.71911	
3.1	0.74782	
3.1	0.75459	
3.2	0.76219	
3.2	0.79281	
3.3	0.80340	
3.3	0.85932	
3.4	0.87097	
3.4	0.82671	
3.5	0.90198	
3.6	0.88574	
3.6	0.89779	
3.7	0.93836	
3.7	0.94611	
3.8	0.95494	
3.8	0.96201	
3.9	0.94968	
3.9	0.95098	
4.0	0.96264	
