   1.00000000E-06  6.16801324E+00 -9.18242731E-01  1.33751833E+01  9.99500415E-01 -4.97018167E+00  7.07400000E-01  1.88000000E-02
   2.25000000E-06  6.16919908E+00 -9.14682039E-01  1.33799309E+01  9.99500419E-01 -4.96607139E+00  7.07400000E-01  1.88000000E-02
   3.81250000E-06  6.17068057E+00 -9.10253979E-01  1.33858418E+01  9.99500402E-01 -4.96098328E+00  7.07400000E-01  1.88000000E-02
   5.76562500E-06  6.17250752E+00 -9.04785183E-01  1.33931392E+01  9.99500390E-01 -4.95468962E+00  7.07400000E-01  1.88000000E-02
   8.20703125E-06  6.17475439E+00 -8.98054146E-01  1.34021192E+01  9.99500381E-01 -4.94693699E+00  7.07400000E-01  1.88000000E-02
   1.12587891E-05  6.17751188E+00 -8.89793383E-01  1.34131400E+01  9.99500371E-01 -4.93742204E+00  7.07400000E-01  1.88000000E-02
   1.50734863E-05  6.18088268E+00 -8.79696362E-01  1.34266110E+01  9.99500357E-01 -4.92579271E+00  7.07400000E-01  1.88000000E-02
   1.98418579E-05  6.18495366E+00 -8.67494868E-01  1.34428874E+01  9.99500348E-01 -4.91173039E+00  7.07400000E-01  1.88000000E-02
   2.58023224E-05  6.18986567E+00 -8.52774268E-01  1.34625249E+01  9.99500336E-01 -4.89476538E+00  7.07400000E-01  1.88000000E-02
   3.32529030E-05  6.19576188E+00 -8.35109012E-01  1.34860924E+01  9.99500316E-01 -4.87441058E+00  7.07400000E-01  1.88000000E-02
   4.25661287E-05  6.20276530E+00 -8.14110738E-01  1.35141015E+01  9.99500311E-01 -4.85019444E+00  7.07400000E-01  1.88000000E-02
   5.42076609E-05  6.21102866E+00 -7.89347966E-01  1.35471368E+01  9.99500290E-01 -4.82164852E+00  7.07400000E-01  1.88000000E-02
   6.87595761E-05  6.22068035E+00 -7.60414769E-01  1.35857329E+01  9.99500278E-01 -4.78827849E+00  7.07400000E-01  1.88000000E-02
   8.69494702E-05  6.23187800E+00 -7.26839633E-01  1.36305193E+01  9.99500273E-01 -4.74953921E+00  7.07400000E-01  1.88000000E-02
   1.09686838E-04  6.24476635E+00 -6.88192674E-01  1.36820713E+01  9.99500271E-01 -4.70493635E+00  7.07400000E-01  1.88000000E-02
   1.38108547E-04  6.25943747E+00 -6.44188697E-01  1.37407665E+01  9.99500284E-01 -4.65412632E+00  7.07400000E-01  1.88000000E-02
   1.73635684E-04  6.27587139E+00 -5.94888349E-01  1.38065248E+01  9.99500310E-01 -4.59717547E+00  7.07400000E-01  1.88000000E-02
   2.18044605E-04  6.29386253E+00 -5.40898919E-01  1.38785336E+01  9.99500361E-01 -4.53476976E+00  7.07400000E-01  1.88000000E-02
   2.73555756E-04  6.31332818E+00 -4.82474935E-01  1.39564559E+01  9.99500429E-01 -4.46720596E+00  7.07400000E-01  1.88000000E-02
   3.42944695E-04  6.33414037E+00 -4.19995027E-01  1.40397835E+01  9.99500520E-01 -4.39492199E+00  7.07400000E-01  1.88000000E-02
   4.29680869E-04  6.35617689E+00 -3.53839091E-01  1.41280114E+01  9.99500614E-01 -4.31838846E+00  7.07400000E-01  1.88000000E-02
   5.38101086E-04  6.37927971E+00 -2.84453997E-01  1.42205420E+01  9.99500751E-01 -4.23804160E+00  7.07400000E-01  1.88000000E-02
   6.73626358E-04  6.40326109E+00 -2.12399744E-01  1.43166280E+01  9.99500936E-01 -4.15451956E+00  7.07400000E-01  1.88000000E-02
   8.43032947E-04  6.42795547E+00 -1.38181332E-01  1.44155992E+01  9.99501158E-01 -4.06841132E+00  7.07400000E-01  1.88000000E-02
   1.05479118E-03  6.45321883E+00 -6.22208511E-02  1.45168895E+01  9.99501430E-01 -3.98018992E+00  7.07400000E-01  1.88000000E-02
   1.31948898E-03  6.47891974E+00  1.50826860E-02  1.46199687E+01  9.99501746E-01 -3.89031979E+00  7.07400000E-01  1.88000000E-02
   1.65036123E-03  6.50495036E+00  9.33943929E-02  1.47243883E+01  9.99502087E-01 -3.79925429E+00  7.07400000E-01  1.88000000E-02
   2.06395153E-03  6.53122161E+00  1.72433586E-01  1.48297777E+01  9.99502436E-01 -3.70733980E+00  7.07400000E-01  1.88000000E-02
   2.58093941E-03  6.55762198E+00  2.51907567E-01  1.49357444E+01  9.99502854E-01 -3.61475409E+00  7.07400000E-01  1.88000000E-02
   3.22530697E-03  6.58402227E+00  3.31424587E-01  1.50417672E+01  9.99503337E-01 -3.52195564E+00  7.07400000E-01  1.88000000E-02
   4.01686810E-03  6.60957223E+00  4.10446808E-01  1.51464495E+01  9.99506168E-01 -3.42722630E+00  7.07400000E-01  1.88000000E-02
   5.00500173E-03  6.63285207E+00  4.92739986E-01  1.52521153E+01  9.99520230E-01 -3.31680979E+00  7.07399994E-01  1.88000000E-02
   6.24016877E-03  6.65450546E+00  5.78724307E-01  1.53598290E+01  9.99542982E-01 -3.19200563E+00  7.07399981E-01  1.88000000E-02
   7.78412756E-03  6.67502757E+00  6.68866884E-01  1.54705716E+01  9.99572162E-01 -3.05331594E+00  7.07399955E-01  1.88000000E-02
   9.71407606E-03  6.69488976E+00  7.63613850E-01  1.55852924E+01  9.99605537E-01 -2.90110139E+00  7.07399902E-01  1.88000000E-02
   1.21265117E-02  6.71471180E+00  8.63782862E-01  1.57054342E+01  9.99640951E-01 -2.73560961E+00  7.07399791E-01  1.88000000E-02
   1.51420562E-02  6.73523211E+00  9.70530329E-01  1.58329137E+01  9.99676589E-01 -2.55656972E+00  7.07399564E-01  1.88000000E-02
   1.89114869E-02  6.75731676E+00  1.08533712E+00  1.59701491E+01  9.99711026E-01 -2.36296226E+00  7.07399084E-01  1.88000000E-02
   2.36232752E-02  6.78216030E+00  1.21038146E+00  1.61205274E+01  9.99743047E-01 -2.15384968E+00  7.07398036E-01  1.88000000E-02
   2.95130106E-02  6.81136152E+00  1.34827072E+00  1.62884117E+01  9.99771559E-01 -1.92777345E+00  7.07395625E-01  1.88000000E-02
   3.65429060E-02  6.84556638E+00  1.49531630E+00  1.64708470E+01  9.99794336E-01 -1.69552312E+00  7.07389907E-01  1.88000000E-02
   4.42620992E-02  6.88342731E+00  1.63976715E+00  1.66546112E+01  9.99809086E-01 -1.48043735E+00  7.07376479E-01  1.88000000E-02
   5.26723526E-02  6.92479180E+00  1.77477508E+00  1.68325746E+01  9.99814505E-01 -1.29905931E+00  7.07344426E-01  1.88000000E-02
   6.21267513E-02  6.96901082E+00  1.88832501E+00  1.69916888E+01  9.99806761E-01 -1.18046621E+00  7.07265361E-01  1.88000000E-02
   6.96902702E-02  7.00431472E+00  1.93804086E+00  1.70769727E+01  9.99780201E-01 -1.18869779E+00  7.07134226E-01  1.88000000E-02
   7.57410854E-02  7.02607175E+00  1.94399645E+00  1.71043625E+01  9.99747847E-01 -1.25582365E+00  7.07078992E-01  1.88000000E-02
   8.05817375E-02  7.03515286E+00  1.93794523E+00  1.71070906E+01  9.99727566E-01 -1.30519665E+00  7.07028170E-01  1.88000000E-02
   8.45705405E-02  7.03881481E+00  1.93008689E+00  1.71026706E+01  9.99715338E-01 -1.33860453E+00  7.06977664E-01  1.88000000E-02
   8.95565444E-02  7.04007973E+00  1.92084330E+00  1.70944816E+01  9.99706521E-01 -1.36643962E+00  7.06894259E-01  1.88000000E-02
   9.57890491E-02  7.03958875E+00  1.91377001E+00  1.70867709E+01  9.99702611E-01 -1.38227884E+00  7.06791562E-01  1.88000000E-02
   1.03579680E-01  7.03830259E+00  1.91001012E+00  1.70816389E+01  9.99702620E-01 -1.38691359E+00  7.06662028E-01  1.88000000E-02
   1.13317969E-01  7.03692440E+00  1.90839426E+00  1.70785843E+01  9.99704299E-01 -1.38589403E+00  7.06497768E-01  1.88000000E-02
   1.25490830E-01  7.03562323E+00  1.90745657E+00  1.70762794E+01  9.99706266E-01 -1.38350405E+00  7.06287062E-01  1.88000000E-02
   1.40706906E-01  7.03427203E+00  1.90646030E+00  1.70738451E+01  9.99708269E-01 -1.38111067E+00  7.06015797E-01  1.88000000E-02
   1.59727001E-01  7.03273282E+00  1.90528347E+00  1.70710157E+01  9.99710495E-01 -1.37851387E+00  7.05665856E-01  1.88000000E-02
   1.83502120E-01  7.03105599E+00  1.90394742E+00  1.70678555E+01  9.99712850E-01 -1.37586135E+00  7.05216827E-01  1.88000000E-02
   2.13221018E-01  7.02933596E+00  1.90274553E+00  1.70647447E+01  9.99715332E-01 -1.37279556E+00  7.04636536E-01  1.88000000E-02
   2.50369642E-01  7.02773371E+00  1.90157959E+00  1.70617304E+01  9.99717548E-01 -1.37018356E+00  7.03891123E-01  1.88000000E-02
   2.96805421E-01  7.02623951E+00  1.90075971E+00  1.70591004E+01  9.99719716E-01 -1.36725019E+00  7.02927745E-01  1.88000000E-02
   3.54850145E-01  7.02484341E+00  1.90028270E+00  1.70568238E+01  9.99721843E-01 -1.36399912E+00  7.01694500E-01  1.88000000E-02
   4.27406049E-01  7.02369601E+00  1.90010743E+00  1.70549835E+01  9.99723598E-01 -1.36113909E+00  7.00122789E-01  1.88000000E-02
   5.18100931E-01  7.02295153E+00  1.90010749E+00  1.70535849E+01  9.99724602E-01 -1.35959486E+00  6.98161735E-01  1.88000000E-02
   6.31469532E-01  7.02241375E+00  1.90049206E+00  1.70526260E+01  9.99725357E-01 -1.35815208E+00  6.95749132E-01  1.88000000E-02
   7.73180284E-01  7.02201760E+00  1.90135757E+00  1.70521029E+01  9.99726027E-01 -1.35639699E+00  6.92776737E-01  1.88000000E-02
   9.50318723E-01  7.02179887E+00  1.90274385E+00  1.70520442E+01  9.99726542E-01 -1.35445118E+00  6.89110427E-01  1.88000000E-02
   1.17174177E+00  7.02177440E+00  1.90473766E+00  1.70524958E+01  9.99726887E-01 -1.35226982E+00  6.84584216E-01  1.88000000E-02
   1.44852058E+00  7.02196476E+00  1.90745460E+00  1.70535214E+01  9.99727053E-01 -1.34977725E+00  6.78992681E-01  1.88000000E-02
   1.79449410E+00  7.02240056E+00  1.91105312E+00  1.70552121E+01  9.99727020E-01 -1.34687627E+00  6.72060537E-01  1.88000000E-02
   2.22696099E+00  7.02308866E+00  1.91570105E+00  1.70576234E+01  9.99726806E-01 -1.34339592E+00  6.63460079E-01  1.88000000E-02
   2.76754461E+00  7.02417644E+00  1.92170871E+00  1.70610643E+01  9.99726233E-01 -1.33938809E+00  6.52793966E-01  1.88000000E-02
   3.44327413E+00  7.02563726E+00  1.92941541E+00  1.70656526E+01  9.99725440E-01 -1.33426756E+00  6.39549547E-01  1.88000000E-02
   4.28793603E+00  7.02761670E+00  1.93923651E+00  1.70717071E+01  9.99724260E-01 -1.32798160E+00  6.23124292E-01  1.88000000E-02
   5.23924371E+00  7.03007129E+00  1.95091314E+00  1.70793347E+01  9.99722865E-01 -1.32023480E+00  6.04774499E-01  1.88000000E-02
   6.19068202E+00  7.03271226E+00  1.96343777E+00  1.70879492E+01  9.99721619E-01 -1.31112547E+00  5.86535510E-01  1.88000000E-02
   7.14330948E+00  7.03550644E+00  1.97636772E+00  1.70970451E+01  9.99720282E-01 -1.30167367E+00  5.68351281E-01  1.88000000E-02
   8.09616125E+00  7.03846240E+00  1.98975767E+00  1.71066856E+01  9.99718872E-01 -1.29177365E+00  5.50224989E-01  1.88000000E-02
   9.04875513E+00  7.04157087E+00  2.00368372E+00  1.71169256E+01  9.99717448E-01 -1.28122090E+00  5.32127748E-01  1.88000000E-02
   1.00011154E+01  7.04475414E+00  2.01795038E+00  1.71274862E+01  9.99716031E-01 -1.27021602E+00  5.14057596E-01  1.88000000E-02
   1.09533847E+01  7.04806823E+00  2.03266921E+00  1.71385364E+01  9.99714585E-01 -1.25868546E+00  4.96023000E-01  1.88000000E-02
   1.19055591E+01  7.05145768E+00  2.04774057E+00  1.71499096E+01  9.99713146E-01 -1.24668600E+00  4.78004652E-01  1.88000000E-02
   1.28578694E+01  7.05498023E+00  2.06331091E+00  1.71618176E+01  9.99711701E-01 -1.23405235E+00  4.60025249E-01  1.88000000E-02
   1.38105024E+01  7.05858205E+00  2.07926883E+00  1.71740818E+01  9.99710275E-01 -1.22087939E+00  4.42062572E-01  1.88000000E-02
   1.47637553E+01  7.06229921E+00  2.09569923E+00  1.71868272E+01  9.99708855E-01 -1.20710844E+00  4.24141287E-01  1.88000000E-02
   1.57178528E+01  7.06617117E+00  2.11275467E+00  1.72002426E+01  9.99707462E-01 -1.19251332E+00  4.06257387E-01  1.88000000E-02
   1.66731573E+01  7.07012813E+00  2.13024638E+00  1.72140554E+01  9.99706102E-01 -1.17728415E+00  3.88382493E-01  1.88000000E-02
   1.76299955E+01  7.07424907E+00  2.14838400E+00  1.72285711E+01  9.99704767E-01 -1.16116040E+00  3.70556697E-01  1.88000000E-02
   1.85886537E+01  7.07847468E+00  2.16703113E+00  1.72435757E+01  9.99703474E-01 -1.14428303E+00  3.52751947E-01  1.88000000E-02
   1.95495072E+01  7.08285648E+00  2.18632146E+00  1.72592677E+01  9.99702218E-01 -1.12648264E+00  3.35001050E-01  1.88000000E-02
   2.05128414E+01  7.08744034E+00  2.20643920E+00  1.72758651E+01  9.99701024E-01 -1.10748468E+00  3.17279867E-01  1.88000000E-02
   2.14791097E+01  7.09217337E+00  2.22724450E+00  1.72931700E+01  9.99699902E-01 -1.08743812E+00  2.99590559E-01  1.88000000E-02
   2.24487191E+01  7.09706391E+00  2.24869645E+00  1.73111501E+01  9.99698806E-01 -1.06646664E+00  2.81944938E-01  1.88000000E-02
   2.34217943E+01  7.10220043E+00  2.27110992E+00  1.73302166E+01  9.99697779E-01 -1.04409238E+00  2.64355641E-01  1.88000000E-02
   2.43986882E+01  7.10753919E+00  2.29443367E+00  1.73502693E+01  9.99696871E-01 -1.02027470E+00  2.46820215E-01  1.88000000E-02
   2.53800053E+01  7.11309947E+00  2.31867213E+00  1.73713237E+01  9.99696041E-01 -9.95075993E-01  2.29331910E-01  1.88000000E-02
   2.63660951E+01  7.11890046E+00  2.34395610E+00  1.73935417E+01  9.99695351E-01 -9.68205846E-01  2.11914539E-01  1.88000000E-02
   2.73578696E+01  7.12496467E+00  2.37037112E+00  1.74170311E+01  9.99694812E-01 -9.39517996E-01  1.94571048E-01  1.88000000E-02
   2.83564433E+01  7.13131180E+00  2.39807306E+00  1.74419757E+01  9.99694500E-01 -9.08661198E-01  1.77314383E-01  1.88000000E-02
   2.93638698E+01  7.13794237E+00  2.42717352E+00  1.74684928E+01  9.99694496E-01 -8.75324054E-01  1.60151608E-01  1.88000000E-02
   3.03834940E+01  7.14487577E+00  2.45797611E+00  1.74969363E+01  9.99694995E-01 -8.38730898E-01  1.43121967E-01  1.88000000E-02
   3.14213622E+01  7.15211453E+00  2.49076476E+00  1.75275851E+01  9.99696182E-01 -7.98334838E-01  1.26234820E-01  1.88000000E-02
   3.24868491E+01  7.15966759E+00  2.52614819E+00  1.75611432E+01  9.99698514E-01 -7.52260121E-01  1.09555929E-01  1.88000000E-02
   3.35960961E+01  7.16758171E+00  2.56474331E+00  1.75983311E+01  9.99702329E-01 -6.98859360E-01  9.31067835E-02  1.88000000E-02
   3.47725845E+01  7.17592709E+00  2.60777195E+00  1.76405735E+01  9.99708341E-01 -6.34898181E-01  7.69854607E-02  1.88000000E-02
   3.60040336E+01  7.18469172E+00  2.65597974E+00  1.76890981E+01  9.99717246E-01 -5.57374534E-01  6.18128282E-02  1.88000000E-02
   3.71077996E+01  7.19316897E+00  2.70589289E+00  1.77411863E+01  9.99728837E-01 -4.69983352E-01  4.97745768E-02  1.88000000E-02
   3.81057741E+01  7.20240534E+00  2.75272110E+00  1.77921114E+01  9.99737427E-01 -3.91435776E-01  3.97500977E-02  1.88000000E-02
   3.89506563E+01  7.21170949E+00  2.79675154E+00  1.78414058E+01  9.99744629E-01 -3.18302782E-01  3.14989735E-02  1.88000000E-02
   3.96318289E+01  7.22128981E+00  2.83390387E+00  1.78847201E+01  9.99747548E-01 -2.63043934E-01  2.46257301E-02  1.88000000E-02
   4.01439907E+01  7.23023310E+00  2.86373363E+00  1.79205953E+01  9.99747607E-01 -2.23731954E-01  1.89950579E-02  1.88000000E-02
   4.05175447E+01  7.23765779E+00  2.88664700E+00  1.79485262E+01  9.99746578E-01 -1.95961436E-01  1.44736753E-02  1.88000000E-02
   4.07940735E+01  7.24295154E+00  2.90532962E+00  1.79707104E+01  9.99747166E-01 -1.69823885E-01  1.09432486E-02  1.88000000E-02
   4.10104892E+01  7.24616130E+00  2.92202683E+00  1.79894729E+01  9.99750591E-01 -1.39337524E-01  8.24204292E-03  1.88000000E-02
   4.11915039E+01  7.24785559E+00  2.93783659E+00  1.80063963E+01  9.99756350E-01 -1.03936721E-01  6.19885832E-03  1.88000000E-02
   4.13513170E+01  7.24865622E+00  2.95307343E+00  1.80222862E+01  9.99763365E-01 -6.55032074E-02  4.66060655E-03  1.88000000E-02
   4.14974871E+01  7.24900672E+00  2.96777663E+00  1.80375059E+01  9.99770775E-01 -2.59490878E-02  3.50425170E-03  1.88000000E-02
   4.16253971E+01  7.24934638E+00  2.98075095E+00  1.80511235E+01  9.99777155E-01  9.05154295E-03  2.68969767E-03  1.88000000E-02
   4.17446861E+01  7.24954091E+00  2.99325996E+00  1.80642670E+01  9.99783411E-01  4.36212386E-02  2.07027860E-03  1.88000000E-02
   4.18529979E+01  7.24970868E+00  3.00495942E+00  1.80766665E+01  9.99789182E-01  7.64094322E-02  1.61487696E-03  1.88000000E-02
