   2.19700000E-06  6.25007599E+00 -1.91128859E+00  1.24706707E+01  9.91461661E-01 -7.54246308E+00  7.07400000E-01  1.88000000E-02
   2.99700000E-06  6.25275306E+00 -1.90315587E+00  1.24814797E+01  9.91463641E-01 -7.53298157E+00  7.07400000E-01  1.88000000E-02
   3.63700000E-06  6.25497111E+00 -1.89657596E+00  1.24902786E+01  9.91462199E-01 -7.52549045E+00  7.07400000E-01  1.88000000E-02
   4.43700000E-06  6.25763706E+00 -1.88857746E+00  1.25009432E+01  9.91462215E-01 -7.51627959E+00  7.07400000E-01  1.88000000E-02
   5.43700000E-06  6.26090168E+00 -1.87877785E+00  1.25140076E+01  9.91462332E-01 -7.50498884E+00  7.07400000E-01  1.88000000E-02
   6.68700000E-06  6.26490769E+00 -1.86675766E+00  1.25300341E+01  9.91462379E-01 -7.49114520E+00  7.07400000E-01  1.88000000E-02
   8.24950000E-06  6.26974930E+00 -1.85222562E+00  1.25494080E+01  9.91462527E-01 -7.47440321E+00  7.07400000E-01  1.88000000E-02
   1.02026250E-05  6.27558832E+00 -1.83470085E+00  1.25727722E+01  9.91462686E-01 -7.45421437E+00  7.07400000E-01  1.88000000E-02
   1.26440313E-05  6.28259116E+00 -1.81368718E+00  1.26007892E+01  9.91462798E-01 -7.43001074E+00  7.07400000E-01  1.88000000E-02
   1.56957891E-05  6.29091301E+00 -1.78871419E+00  1.26340847E+01  9.91462957E-01 -7.40124484E+00  7.07400000E-01  1.88000000E-02
   1.95104863E-05  6.30069913E+00 -1.75934164E+00  1.26732442E+01  9.91463251E-01 -7.36740448E+00  7.07400000E-01  1.88000000E-02
   2.42788579E-05  6.31218120E+00 -1.72488373E+00  1.27191852E+01  9.91463502E-01 -7.32771023E+00  7.07400000E-01  1.88000000E-02
   3.02393224E-05  6.32570689E+00 -1.68429517E+00  1.27733008E+01  9.91463754E-01 -7.28095544E+00  7.07400000E-01  1.88000000E-02
   3.76899030E-05  6.34134946E+00 -1.63720715E+00  1.28360316E+01  9.91466910E-01 -7.22654328E+00  7.07400000E-01  1.88000000E-02
   4.70031287E-05  6.35853779E+00 -1.58387709E+00  1.29065353E+01  9.91501231E-01 -7.16309290E+00  7.07400000E-01  1.88000000E-02
   5.86446609E-05  6.37724417E+00 -1.52415893E+00  1.29849281E+01  9.91570754E-01 -7.09017131E+00  7.07400000E-01  1.88000000E-02
   7.31965761E-05  6.39731651E+00 -1.45794850E+00  1.30711574E+01  9.91685257E-01 -7.00701216E+00  7.07400000E-01  1.88000000E-02
   9.13864702E-05  6.41862378E+00 -1.38511345E+00  1.31652204E+01  9.91852677E-01 -6.91285662E+00  7.07400000E-01  1.88000000E-02
   1.14123838E-04  6.44096660E+00 -1.30567495E+00  1.32668929E+01  9.92080209E-01 -6.80706308E+00  7.07400000E-01  1.88000000E-02
   1.42545547E-04  6.46424610E+00 -1.21954423E+00  1.33761621E+01  9.92369333E-01 -6.68909587E+00  7.07400000E-01  1.88000000E-02
   1.78072684E-04  6.48830777E+00 -1.12672329E+00  1.34928678E+01  9.92720469E-01 -6.55844680E+00  7.07400000E-01  1.88000000E-02
   2.22481605E-04  6.51309744E+00 -1.02698490E+00  1.36171898E+01  9.93130264E-01 -6.41435749E+00  7.07400000E-01  1.88000000E-02
   2.77992756E-04  6.53858613E+00 -9.19980845E-01  1.37494495E+01  9.93593289E-01 -6.25591845E+00  7.07400000E-01  1.88000000E-02
   3.47381695E-04  6.56496054E+00 -8.05127329E-01  1.38904237E+01  9.94095833E-01 -6.08242151E+00  7.07400000E-01  1.88000000E-02
   4.34117869E-04  6.59251198E+00 -6.81482016E-01  1.40413521E+01  9.94624289E-01 -5.89269227E+00  7.07400000E-01  1.88000000E-02
   5.42538086E-04  6.62184775E+00 -5.47538462E-01  1.42043573E+01  9.95160797E-01 -5.68534666E+00  7.07400000E-01  1.88000000E-02
   6.75815644E-04  6.65346180E+00 -4.03019662E-01  1.43802194E+01  9.95681152E-01 -5.46146359E+00  7.07400000E-01  1.88000000E-02
   8.27683280E-04  6.68648892E+00 -2.54661123E-01  1.45613656E+01  9.96142285E-01 -5.23354424E+00  7.07400000E-01  1.88000000E-02
   9.95685671E-04  6.72185268E+00 -1.01783873E-01  1.47494126E+01  9.96534720E-01 -5.00317565E+00  7.07399999E-01  1.88000000E-02
   1.17469843E-03  6.76086303E+00  5.68202714E-02  1.49468790E+01  9.96849981E-01 -4.77220746E+00  7.07399997E-01  1.88000000E-02
   1.35630180E-03  6.80530377E+00  2.22795042E-01  1.51572235E+01  9.97077653E-01 -4.54278543E+00  7.07399993E-01  1.88000000E-02
   1.51521303E-03  6.85112052E+00  3.79462025E-01  1.53597087E+01  9.97204152E-01 -4.33946601E+00  7.07399985E-01  1.88000000E-02
   1.64234202E-03  6.89288585E+00  5.14224293E-01  1.55362818E+01  9.97264720E-01 -4.17260936E+00  7.07399967E-01  1.88000000E-02
   1.74404522E-03  6.92953021E+00  6.28401793E-01  1.56871768E+01  9.97291779E-01 -4.03545890E+00  7.07399935E-01  1.88000000E-02
   1.87117420E-03  6.98074135E+00  7.82188973E-01  1.58923209E+01  9.97293646E-01 -3.85697077E+00  7.07399857E-01  1.88000000E-02
   1.99511404E-03  7.03641125E+00  9.42983691E-01  1.61089703E+01  9.97255806E-01 -3.67771050E+00  7.07399666E-01  1.88000000E-02
   2.10851942E-03  7.09223775E+00  1.09804539E+00  1.63201003E+01  9.97177780E-01 -3.51195834E+00  7.07399212E-01  1.88000000E-02
   2.21225634E-03  7.14676233E+00  1.24413667E+00  1.65210009E+01  9.97063780E-01 -3.36220712E+00  7.07398196E-01  1.88000000E-02
   2.30785390E-03  7.19966471E+00  1.37586116E+00  1.67059465E+01  9.96877860E-01 -3.24005054E+00  7.07396248E-01  1.88000000E-02
   2.39760016E-03  7.25733894E+00  1.46578892E+00  1.68539968E+01  9.96223416E-01 -3.23208901E+00  7.07392793E-01  1.88000000E-02
   2.46939717E-03  7.29579584E+00  1.48537200E+00  1.69124630E+01  9.95296073E-01 -3.32097533E+00  7.07390802E-01  1.88000000E-02
   2.52683478E-03  7.31139350E+00  1.47749005E+00  1.69204266E+01  9.94668032E-01 -3.39389381E+00  7.07387760E-01  1.88000000E-02
   2.57278487E-03  7.31729531E+00  1.46518637E+00  1.69141654E+01  9.94288423E-01 -3.44317656E+00  7.07384479E-01  1.88000000E-02
   2.61489021E-03  7.31976811E+00  1.45441940E+00  1.69059576E+01  9.94045367E-01 -3.47688069E+00  7.07380824E-01  1.88000000E-02
   2.66752189E-03  7.32125203E+00  1.44667336E+00  1.68997547E+01  9.93876587E-01 -3.50009095E+00  7.07375269E-01  1.88000000E-02
   2.73331149E-03  7.32320772E+00  1.44724565E+00  1.69023128E+01  9.93801904E-01 -3.50558963E+00  7.07367560E-01  1.88000000E-02
   2.81554849E-03  7.32758875E+00  1.46134636E+00  1.69208050E+01  9.93815705E-01 -3.48807563E+00  7.07356939E-01  1.88000000E-02
   2.91834474E-03  7.33639214E+00  1.49249779E+00  1.69607718E+01  9.93883022E-01 -3.44630822E+00  7.07340634E-01  1.88000000E-02
   3.04684005E-03  7.35094881E+00  1.54200968E+00  1.70248741E+01  9.93965222E-01 -3.38185256E+00  7.07310887E-01  1.88000000E-02
   3.20745918E-03  7.36781891E+00  1.59446065E+00  1.70942493E+01  9.93991494E-01 -3.31860599E+00  7.07239403E-01  1.88000000E-02
   3.40823310E-03  7.37823917E+00  1.61611248E+00  1.71263555E+01  9.93857554E-01 -3.30466444E+00  7.07062631E-01  1.88000000E-02
   3.65920050E-03  7.38190174E+00  1.61754730E+00  1.71314145E+01  9.93720390E-01 -3.31430444E+00  7.06771123E-01  1.88000000E-02
   3.97290976E-03  7.38298539E+00  1.61633558E+00  1.71311870E+01  9.93654078E-01 -3.32114236E+00  7.06396752E-01  1.88000000E-02
   4.36504632E-03  7.38350490E+00  1.61584278E+00  1.71310637E+01  9.93621830E-01 -3.32439677E+00  7.05908258E-01  1.88000000E-02
   4.85521703E-03  7.38384259E+00  1.61548828E+00  1.71308574E+01  9.93598922E-01 -3.32675601E+00  7.05312056E-01  1.88000000E-02
   5.46793041E-03  7.38401452E+00  1.61492581E+00  1.71302319E+01  9.93579537E-01 -3.32909769E+00  7.04584779E-01  1.88000000E-02
   6.23382213E-03  7.38403921E+00  1.61416643E+00  1.71291667E+01  9.93562306E-01 -3.33155043E+00  7.03574654E-01  1.88000000E-02
   7.19118679E-03  7.38391182E+00  1.61298889E+00  1.71274965E+01  9.93545078E-01 -3.33450644E+00  7.02463090E-01  1.88000000E-02
   8.38789262E-03  7.38371698E+00  1.61179949E+00  1.71255987E+01  9.93528434E-01 -3.33751576E+00  7.00909025E-01  1.88000000E-02
   9.88377490E-03  7.38340271E+00  1.61020822E+00  1.71230448E+01  9.93509081E-01 -3.34128336E+00  6.98951913E-01  1.88000000E-02
   1.17536277E-02  7.38301067E+00  1.60836427E+00  1.71199925E+01  9.93486861E-01 -3.34566585E+00  6.96493674E-01  1.88000000E-02
   1.40909438E-02  7.38256197E+00  1.60628041E+00  1.71164331E+01  9.93460343E-01 -3.35078301E+00  6.93408680E-01  1.88000000E-02
   1.70125889E-02  7.38207908E+00  1.60398063E+00  1.71123588E+01  9.93427998E-01 -3.35675362E+00  6.89538246E-01  1.88000000E-02
   2.06646452E-02  7.38159111E+00  1.60149666E+00  1.71077610E+01  9.93387837E-01 -3.36372846E+00  6.84681056E-01  1.88000000E-02
   2.52297157E-02  7.38112357E+00  1.59884259E+00  1.71025894E+01  9.93337380E-01 -3.37192221E+00  6.78580471E-01  1.88000000E-02
   3.09360537E-02  7.38072889E+00  1.59610104E+00  1.70968644E+01  9.93273466E-01 -3.38152678E+00  6.70914322E-01  1.88000000E-02
   3.80689763E-02  7.38046128E+00  1.59334514E+00  1.70905619E+01  9.93191939E-01 -3.39282566E+00  6.61265469E-01  1.88000000E-02
   4.69851294E-02  7.38039036E+00  1.59067783E+00  1.70835278E+01  9.93085293E-01 -3.40639219E+00  6.48730406E-01  1.88000000E-02
   5.81303209E-02  7.38061717E+00  1.58824259E+00  1.70758428E+01  9.92947128E-01 -3.42252199E+00  6.32922156E-01  1.88000000E-02
   7.17932162E-02  7.38123692E+00  1.58624400E+00  1.70675522E+01  9.92770045E-01 -3.44149795E+00  6.13246760E-01  1.88000000E-02
   8.45791740E-02  7.38210039E+00  1.58525370E+00  1.70604207E+01  9.92591658E-01 -3.45908884E+00  5.93622014E-01  1.88000000E-02
   9.71432688E-02  7.38315942E+00  1.58476222E+00  1.70538604E+01  9.92405181E-01 -3.47636653E+00  5.73968378E-01  1.88000000E-02
   1.09381450E-01  7.38438519E+00  1.58487575E+00  1.70478603E+01  9.92212096E-01 -3.49313081E+00  5.54063991E-01  1.88000000E-02
   1.21142463E-01  7.38572027E+00  1.58542678E+00  1.70423342E+01  9.92014777E-01 -3.50932737E+00  5.34298230E-01  1.88000000E-02
   1.32453337E-01  7.38715950E+00  1.58641753E+00  1.70372245E+01  9.91812456E-01 -3.52502413E+00  5.14534897E-01  1.88000000E-02
   1.43343205E-01  7.38868834E+00  1.58780699E+00  1.70324680E+01  9.91604907E-01 -3.54027547E+00  4.94766161E-01  1.88000000E-02
   1.53830857E-01  7.39029937E+00  1.58956410E+00  1.70280244E+01  9.91391783E-01 -3.55512736E+00  4.74999764E-01  1.88000000E-02
   1.63933144E-01  7.39198599E+00  1.59168578E+00  1.70238791E+01  9.91173164E-01 -3.56956841E+00  4.55236268E-01  1.88000000E-02
   1.73328452E-01  7.39371250E+00  1.59424752E+00  1.70201249E+01  9.90953819E-01 -3.58320277E+00  4.35620411E-01  1.88000000E-02
   1.82586833E-01  7.39552332E+00  1.59707258E+00  1.70165609E+01  9.90725884E-01 -3.59671231E+00  4.15989206E-01  1.88000000E-02
   1.91318549E-01  7.39739080E+00  1.60032493E+00  1.70133281E+01  9.90494493E-01 -3.60960379E+00  3.96372709E-01  1.88000000E-02
   1.99930136E-01  7.39934562E+00  1.60387629E+00  1.70103121E+01  9.90254355E-01 -3.62230821E+00  3.76742128E-01  1.88000000E-02
   2.08046052E-01  7.40136324E+00  1.60784233E+00  1.70076072E+01  9.90009531E-01 -3.63445793E+00  3.57124036E-01  1.88000000E-02
   2.15872716E-01  7.40347381E+00  1.61224753E+00  1.70052018E+01  9.89756848E-01 -3.64620527E+00  3.37386508E-01  1.88000000E-02
   2.23424313E-01  7.40567127E+00  1.61707474E+00  1.70031159E+01  9.89497098E-01 -3.65749073E+00  3.17646202E-01  1.88000000E-02
   2.30708359E-01  7.40796398E+00  1.62234675E+00  1.70013777E+01  9.89229933E-01 -3.66828933E+00  2.97913442E-01  1.88000000E-02
   2.37729855E-01  7.41036295E+00  1.62809957E+00  1.70000271E+01  9.88955022E-01 -3.67855999E+00  2.78191403E-01  1.88000000E-02
   2.44496427E-01  7.41288231E+00  1.63437929E+00  1.69991135E+01  9.88671930E-01 -3.68825513E+00  2.58475859E-01  1.88000000E-02
   2.51017724E-01  7.41554041E+00  1.64124291E+00  1.69987006E+01  9.88380131E-01 -3.69731662E+00  2.38763088E-01  1.88000000E-02
   2.57303060E-01  7.41836000E+00  1.64876236E+00  1.69988723E+01  9.88079132E-01 -3.70566517E+00  2.19052351E-01  1.88000000E-02
   2.63361414E-01  7.42137055E+00  1.65704120E+00  1.69997500E+01  9.87768707E-01 -3.71317179E+00  1.99342909E-01  1.88000000E-02
   2.68999774E-01  7.42458601E+00  1.66620877E+00  1.70015029E+01  9.87451802E-01 -3.71953365E+00  1.79705863E-01  1.88000000E-02
   2.74438725E-01  7.42810036E+00  1.67645420E+00  1.70043216E+01  9.87122842E-01 -3.72477267E+00  1.59992427E-01  1.88000000E-02
   2.79685744E-01  7.43197778E+00  1.68794219E+00  1.70084605E+01  9.86781238E-01 -3.72867921E+00  1.40275643E-01  1.88000000E-02
   2.84748728E-01  7.43633170E+00  1.70099408E+00  1.70143370E+01  9.86425309E-01 -3.73091674E+00  1.20550871E-01  1.88000000E-02
   2.89631194E-01  7.44133427E+00  1.71614033E+00  1.70226395E+01  9.86054383E-01 -3.73086136E+00  1.00821679E-01  1.88000000E-02
   2.94175803E-01  7.44724711E+00  1.73415753E+00  1.70344171E+01  9.85667843E-01 -3.72759228E+00  8.11322302E-02  1.88000000E-02
   2.98559302E-01  7.45466149E+00  1.75669146E+00  1.70518121E+01  9.85257402E-01 -3.71947629E+00  6.13560415E-02  1.88000000E-02
   3.01690262E-01  7.46194229E+00  1.77872453E+00  1.70712659E+01  9.84925484E-01 -3.70798772E+00  4.62090412E-02  1.88000000E-02
   3.03972401E-01  7.46912339E+00  1.80036097E+00  1.70924756E+01  9.84662377E-01 -3.69373178E+00  3.47438570E-02  1.88000000E-02
   3.05593995E-01  7.47612760E+00  1.82146525E+00  1.71148133E+01  9.84460490E-01 -3.67740625E+00  2.61705198E-02  1.88000000E-02
   3.06762451E-01  7.48300087E+00  1.84227467E+00  1.71381121E+01  9.84309690E-01 -3.65929549E+00  1.97259294E-02  1.88000000E-02
   3.07615978E-01  7.48979666E+00  1.86311766E+00  1.71624026E+01  9.84204833E-01 -3.63933912E+00  1.48434150E-02  1.88000000E-02
   3.08247167E-01  7.49649227E+00  1.88415900E+00  1.71875885E+01  9.84146661E-01 -3.61741848E+00  1.11508167E-02  1.88000000E-02
   3.08703914E-01  7.50291547E+00  1.90506685E+00  1.72130116E+01  9.84136814E-01 -3.59392309E+00  8.41216415E-03  1.88000000E-02
   3.09030744E-01  7.50909534E+00  1.92634476E+00  1.72390090E+01  9.84183423E-01 -3.56805440E+00  6.34481462E-03  1.88000000E-02
   3.09270016E-01  7.51496995E+00  1.94804999E+00  1.72654648E+01  9.84290763E-01 -3.53961526E+00  4.78891358E-03  1.88000000E-02
   3.09444524E-01  7.52041933E+00  1.97039253E+00  1.72923747E+01  9.84474600E-01 -3.50781908E+00  3.61771686E-03  1.88000000E-02
   3.09576925E-01  7.52540508E+00  1.99363580E+00  1.73198928E+01  9.84743051E-01 -3.47200961E+00  2.73418285E-03  1.88000000E-02
   3.09673724E-01  7.52965328E+00  2.01768698E+00  1.73475975E+01  9.85114764E-01 -3.43150617E+00  2.07157475E-03  1.88000000E-02
   3.09744747E-01  7.53299688E+00  2.04267190E+00  1.73754039E+01  9.85601284E-01 -3.38547973E+00  1.57373908E-03  1.88000000E-02
   3.09799977E-01  7.53535691E+00  2.06876780E+00  1.74033830E+01  9.86202995E-01 -3.33327049E+00  1.20076648E-03  1.88000000E-02
   3.09841004E-01  7.53639112E+00  2.09497385E+00  1.74301747E+01  9.86904263E-01 -3.27603522E+00  9.20644041E-04  1.88000000E-02
   3.09891771E-01  7.53455567E+00  2.14345429E+00  1.74760225E+01  9.88413817E-01 -3.15685077E+00  5.84559313E-04  1.88000000E-02
   3.09932384E-01  7.52627936E+00  2.19773095E+00  1.75211744E+01  9.90324283E-01 -3.00113306E+00  3.42587488E-04  1.88000000E-02
   3.09964875E-01  7.51110410E+00  2.24852633E+00  1.75560659E+01  9.92235908E-01 -2.82869391E+00  1.83817098E-04  1.88000000E-02
   3.09990868E-01  7.50078087E+00  2.28241168E+00  1.75792825E+01  9.93307611E-01 -2.71271522E+00  1.28152239E-04  1.88000000E-02
   3.10011662E-01  7.49417232E+00  2.30532442E+00  1.75954201E+01  9.93932507E-01 -2.63544257E+00  1.03916436E-04  1.88000000E-02
   3.10028297E-01  7.48975714E+00  2.32154479E+00  1.76071417E+01  9.94329426E-01 -2.58155647E+00  9.05181567E-05  1.88000000E-02
   3.10045527E-01  7.48591397E+00  2.33659210E+00  1.76182915E+01  9.94665367E-01 -2.53238242E+00  7.96482688E-05  1.88000000E-02
   3.10065450E-01  7.48222209E+00  2.35213095E+00  1.76301038E+01  9.94982069E-01 -2.48250663E+00  6.95499343E-05  1.88000000E-02
   3.10088212E-01  7.47871133E+00  2.36791324E+00  1.76423602E+01  9.95276920E-01 -2.43262083E+00  6.02993613E-05  1.88000000E-02
   3.10114132E-01  7.47535204E+00  2.38378452E+00  1.76548750E+01  9.95550889E-01 -2.38298665E+00  5.18609962E-05  1.88000000E-02
   3.10143463E-01  7.47210915E+00  2.39952874E+00  1.76673954E+01  9.95804523E-01 -2.33399453E+00  4.42348984E-05  1.88000000E-02
   3.10176356E-01  7.46896726E+00  2.41491692E+00  1.76796673E+01  9.96037750E-01 -2.28619560E+00  3.74389697E-05  1.88000000E-02
   3.10212911E-01  7.46593735E+00  2.42976555E+00  1.76915195E+01  9.96250529E-01 -2.24004526E+00  3.14704469E-05  1.88000000E-02
   3.10253287E-01  7.46304440E+00  2.44398044E+00  1.77028890E+01  9.96443451E-01 -2.19580222E+00  2.62841495E-05  1.88000000E-02
   3.10297787E-01  7.46031147E+00  2.45756299E+00  1.77137979E+01  9.96617887E-01 -2.15355777E+00  2.18031024E-05  1.88000000E-02
   3.10346819E-01  7.45775760E+00  2.47056526E+00  1.77243156E+01  9.96775555E-01 -2.11326736E+00  1.79441744E-05  1.88000000E-02
   3.10401115E-01  7.45538327E+00  2.48310806E+00  1.77345621E+01  9.96918862E-01 -2.07465377E+00  1.46156546E-05  1.88000000E-02
   3.10461668E-01  7.45318183E+00  2.49533551E+00  1.77446743E+01  9.97050196E-01 -2.03735556E+00  1.17402395E-05  1.88000000E-02
   3.10529793E-01  7.45114244E+00  2.50741017E+00  1.77548041E+01  9.97171828E-01 -2.00094901E+00  9.25687410E-06  1.88000000E-02
   3.10607204E-01  7.44925469E+00  2.51950885E+00  1.77651273E+01  9.97285864E-01 -1.96497469E+00  7.12006738E-06  1.88000000E-02
   3.10696015E-01  7.44750987E+00  2.53184388E+00  1.77758318E+01  9.97394160E-01 -1.92895047E+00  5.30015881E-06  1.88000000E-02
   3.10799414E-01  7.44589603E+00  2.54469429E+00  1.77871931E+01  9.97498899E-01 -1.89212097E+00  3.77005597E-06  1.88000000E-02
   3.10921780E-01  7.44440672E+00  2.55841334E+00  1.77995686E+01  9.97602280E-01 -1.85356031E+00  2.51380464E-06  1.88000000E-02
   3.11066632E-01  7.44305931E+00  2.57320875E+00  1.78131873E+01  9.97704961E-01 -1.81281657E+00  1.54086739E-06  1.88000000E-02
   3.11233756E-01  7.44189714E+00  2.58894916E+00  1.78279615E+01  9.97805340E-01 -1.77035218E+00  8.60919304E-07  1.88000000E-02
   3.11426065E-01  7.44093134E+00  2.60585192E+00  1.78441241E+01  9.97904241E-01 -1.72566577E+00  4.25302581E-07  1.88000000E-02
   3.11642728E-01  7.44018659E+00  2.62384131E+00  1.78616251E+01  9.98000776E-01 -1.67901655E+00  1.81437571E-07  1.88000083E-02
   3.11884592E-01  7.43967456E+00  2.64303848E+00  1.78806012E+01  9.98095253E-01 -1.63013544E+00  6.34355956E-08  1.88000122E-02
   3.12152522E-01  7.43940873E+00  2.66361239E+00  1.79012357E+01  9.98188079E-01 -1.57867258E+00  1.64886460E-08  1.88000137E-02
   3.12446094E-01  7.43940664E+00  2.68569855E+00  1.79236706E+01  9.98279336E-01 -1.52447265E+00  2.59061847E-09  1.88000142E-02
   3.12766346E-01  7.43969444E+00  2.70956728E+00  1.79482394E+01  9.98369659E-01 -1.46670022E+00  8.28217040E-11  1.88000142E-02
   3.13112755E-01  7.44030689E+00  2.73545899E+00  1.79752280E+01  9.98459223E-01 -1.40484066E+00  3.80038520E-11  1.88000142E-02
   3.13483138E-01  7.44128736E+00  2.76356187E+00  1.80048789E+01  9.98547853E-01 -1.33852925E+00  1.60550364E-11  1.88000142E-02
   3.13875597E-01  7.44270076E+00  2.79416758E+00  1.80375634E+01  9.98635480E-01 -1.26721217E+00  6.17926842E-12  1.88000142E-02
   3.14288595E-01  7.44464067E+00  2.82769883E+00  1.80738010E+01  9.98722085E-01 -1.19022216E+00  2.13562711E-12  1.88000142E-02
   3.14717105E-01  7.44721887E+00  2.86436326E+00  1.81139194E+01  9.98806847E-01 -1.10741976E+00  6.53948362E-13  1.88000142E-02
   3.15157060E-01  7.45059464E+00  2.90444664E+00  1.81584324E+01  9.98889071E-01 -1.01818795E+00  1.73935553E-13  1.88000142E-02
   3.15607137E-01  7.45500378E+00  2.94858679E+00  1.82082483E+01  9.98968410E-01 -9.21631196E-01  3.89511373E-14  1.88000142E-02
   3.16063600E-01  7.46074158E+00  2.99728294E+00  1.82641846E+01  9.99043859E-01 -8.17502177E-01  7.07653450E-15  1.88000142E-02
   3.16523560E-01  7.46820470E+00  3.05121340E+00  1.83273130E+01  9.99114383E-01 -7.05756085E-01  9.91401480E-16  1.88000142E-02
   3.16983871E-01  7.47788912E+00  3.11093139E+00  1.83988203E+01  9.99178748E-01 -5.85672986E-01  1.00226775E-16  1.88000142E-02
   3.17441559E-01  7.49035527E+00  3.17705813E+00  1.84799269E+01  9.99235752E-01 -4.57529645E-01  6.70917468E-18  1.88000142E-02
   3.17890568E-01  7.50606823E+00  3.24967814E+00  1.85711139E+01  9.99284023E-01 -3.23538257E-01  2.69061260E-19  1.88000142E-02
   3.18323447E-01  7.52525300E+00  3.32798709E+00  1.86719006E+01  9.99322590E-01 -1.85258502E-01  0.00000000E+00  1.88000142E-02
   3.18730299E-01  7.54752411E+00  3.40991475E+00  1.87797580E+01  9.99351248E-01 -4.66077531E-02  0.00000000E+00  1.88000142E-02
   3.19101834E-01  7.57190097E+00  3.49253911E+00  1.88905513E+01  9.99370794E-01  8.69486661E-02  0.00000000E+00  1.88000142E-02
   3.19431065E-01  7.59697680E+00  3.57230496E+00  1.89992366E+01  9.99382821E-01  2.12128869E-01  0.00000000E+00  1.88000142E-02
   3.19719206E-01  7.62168085E+00  3.64727601E+00  1.91027065E+01  9.99389400E-01  3.27532373E-01  0.00000000E+00  1.88000142E-02
   3.19970323E-01  7.64529342E+00  3.71653884E+00  1.91992330E+01  9.99392312E-01  4.32789879E-01  0.00000000E+00  1.88000142E-02
   3.20190634E-01  7.66754596E+00  3.78030252E+00  1.92886658E+01  9.99392903E-01  5.27939958E-01  0.00000000E+00  1.88000142E-02
   3.20386764E-01  7.68848708E+00  3.83924862E+00  1.93718416E+01  9.99392079E-01  6.16048046E-01  0.00000000E+00  1.88000142E-02
   3.20563886E-01  7.70818491E+00  3.89404080E+00  1.94495117E+01  9.99390508E-01  6.98519275E-01  0.00000000E+00  1.88000142E-02
   3.20717455E-01  7.72565670E+00  3.94239543E+00  1.95182553E+01  9.99388901E-01  7.72197994E-01  0.00000000E+00  1.88000142E-02
   3.20840310E-01  7.73967051E+00  3.98127225E+00  1.95735829E+01  9.99387876E-01  8.32506677E-01  0.00000000E+00  1.88000142E-02
   3.20938594E-01  7.75077528E+00  4.01228454E+00  1.96177133E+01  9.99387469E-01  8.81576519E-01  0.00000000E+00  1.88000142E-02
   3.21028720E-01  7.76079674E+00  4.04052696E+00  1.96578723E+01  9.99387572E-01  9.27194074E-01  0.00000000E+00  1.88000142E-02
   3.21110937E-01  7.76973039E+00  4.06602129E+00  1.96940489E+01  9.99388195E-01  9.68797336E-01  0.00000000E+00  1.88000142E-02
   3.21188526E-01  7.77792826E+00  4.08974428E+00  1.97276487E+01  9.99389333E-01  1.00842943E+00  0.00000000E+00  1.88000142E-02
   3.21264345E-01  7.78568819E+00  4.11255494E+00  1.97598809E+01  9.99391007E-01  1.04759424E+00  0.00000000E+00  1.88000142E-02
   3.21340881E-01  7.79325345E+00  4.13516108E+00  1.97917603E+01  9.99393272E-01  1.08748461E+00  0.00000000E+00  1.88000142E-02
   3.21420495E-01  7.80083457E+00  4.15821164E+00  1.98241998E+01  9.99396220E-01  1.12930968E+00  0.00000000E+00  1.88000142E-02
   3.21505895E-01  7.80865740E+00  4.18241959E+00  1.98582058E+01  9.99399982E-01  1.17448096E+00  0.00000000E+00  1.88000142E-02
   3.21599681E-01  7.81691809E+00  4.20844054E+00  1.98946938E+01  9.99404723E-01  1.22442939E+00  0.00000000E+00  1.88000142E-02
   3.21701555E-01  7.82555953E+00  4.23610095E+00  1.99334316E+01  9.99410415E-01  1.27898346E+00  0.00000000E+00  1.88000142E-02
   3.21792596E-01  7.83302040E+00  4.26032478E+00  1.99673260E+01  9.99415889E-01  1.32795450E+00  0.00000000E+00  1.88000142E-02
   3.21881014E-01  7.84007369E+00  4.28345750E+00  1.99996850E+01  9.99421438E-01  1.37565548E+00  0.00000000E+00  1.88000142E-02
   3.21963298E-01  7.84648275E+00  4.30465355E+00  2.00293340E+01  9.99426759E-01  1.42013295E+00  0.00000000E+00  1.88000142E-02
   3.22041186E-01  7.85242823E+00  4.32444021E+00  2.00570184E+01  9.99431887E-01  1.46227325E+00  0.00000000E+00  1.88000142E-02
   3.22114536E-01  7.85792851E+00  4.34284018E+00  2.00827675E+01  9.99436769E-01  1.50180177E+00  0.00000000E+00  1.88000142E-02
   3.22184001E-01  7.86305539E+00  4.36006317E+00  2.01068767E+01  9.99441420E-01  1.53908289E+00  0.00000000E+00  1.88000142E-02
   3.22249880E-01  7.86784862E+00  4.37621770E+00  2.01295040E+01  9.99445846E-01  1.57448683E+00  0.00000000E+00  1.88000143E-02
   3.22312546E-01  7.87234722E+00  4.39142595E+00  2.01508183E+01  9.99450066E-01  1.60820494E+00  0.00000000E+00  1.88000143E-02
   3.22372276E-01  7.87658038E+00  4.40578180E+00  2.01709484E+01  9.99454100E-01  1.64038621E+00  0.00000000E+00  1.88000143E-02
   3.22429367E-01  7.88057633E+00  4.41937965E+00  2.01900239E+01  9.99457972E-01  1.67119721E+00  0.00000000E+00  1.88000143E-02
   3.22484057E-01  7.88435793E+00  4.43229637E+00  2.02081502E+01  9.99461703E-01  1.70077424E+00  0.00000000E+00  1.88000144E-02
   3.22536511E-01  7.88794210E+00  4.44458730E+00  2.02254031E+01  9.99465306E-01  1.72920861E+00  0.00000000E+00  1.88000145E-02
   3.22586971E-01  7.89135100E+00  4.45632294E+00  2.02418809E+01  9.99468794E-01  1.75662661E+00  0.00000000E+00  1.88000147E-02
   3.22635519E-01  7.89459644E+00  4.46753448E+00  2.02576276E+01  9.99472165E-01  1.78306045E+00  0.00000000E+00  1.88000150E-02
   3.22682366E-01  7.89769847E+00  4.47828085E+00  2.02727264E+01  9.99475425E-01  1.80860961E+00  0.00000000E+00  1.88000154E-02
   3.22727618E-01  7.90066887E+00  4.48859369E+00  2.02872223E+01  9.99478573E-01  1.83331409E+00  0.00000000E+00  1.88000161E-02
   3.22771362E-01  7.90351751E+00  4.49849980E+00  2.03011532E+01  9.99481610E-01  1.85720777E+00  0.00000000E+00  1.88000170E-02
   3.22813739E-01  7.90625553E+00  4.50803508E+00  2.03145691E+01  9.99484542E-01  1.88035684E+00  0.00000000E+00  1.88000184E-02
   3.22854819E-01  7.90889259E+00  4.51722471E+00  2.03275054E+01  9.99487369E-01  1.90269196E+00  0.00000000E+00  1.88000203E-02
   3.22894707E-01  7.91143689E+00  4.52609534E+00  2.03399993E+01  9.99490096E-01  1.92426974E+00  0.00000000E+00  1.88000230E-02
   3.22933433E-01  7.91389130E+00  4.53465907E+00  2.03520671E+01  9.99492731E-01  1.94523444E+00  0.00000000E+00  1.88000267E-02
   3.22971084E-01  7.91626267E+00  4.54293921E+00  2.03637413E+01  9.99495281E-01  1.96562988E+00  0.00000000E+00  1.88000316E-02
   3.23007731E-01  7.91855679E+00  4.55095537E+00  2.03750488E+01  9.99497752E-01  1.98549229E+00  0.00000000E+00  1.88000383E-02
   3.23043422E-01  7.92077584E+00  4.55871844E+00  2.03860038E+01  9.99500150E-01  2.00484490E+00  0.00000000E+00  1.88000472E-02
   3.23078186E-01  7.92292593E+00  4.56624323E+00  2.03966278E+01  9.99502474E-01  2.02370305E+00  0.00000000E+00  1.88000589E-02
   3.23112112E-01  7.92501247E+00  4.57355032E+00  2.04069491E+01  9.99504731E-01  2.04211327E+00  0.00000000E+00  1.88000740E-02
   3.23145194E-01  7.92703620E+00  4.58064135E+00  2.04169696E+01  9.99506922E-01  2.06007013E+00  0.00000000E+00  1.88000935E-02
   3.23177496E-01  7.92900004E+00  4.58753007E+00  2.04267078E+01  9.99509055E-01  2.07760788E+00  0.00000000E+00  1.88001184E-02
   3.23209043E-01  7.93090971E+00  4.59422914E+00  2.04361825E+01  9.99511127E-01  2.09473828E+00  0.00000000E+00  1.88001499E-02
   3.23239891E-01  7.93276702E+00  4.60074915E+00  2.04454075E+01  9.99513144E-01  2.11149038E+00  0.00000000E+00  1.88001895E-02
   3.23270030E-01  7.93457372E+00  4.60709277E+00  2.04543869E+01  9.99515105E-01  2.12785875E+00  0.00000000E+00  1.88002388E-02
   3.23299535E-01  7.93633370E+00  4.61327541E+00  2.04631419E+01  9.99517016E-01  2.14388138E+00  0.00000000E+00  1.88003000E-02
   3.23328398E-01  7.93804640E+00  4.61929631E+00  2.04716707E+01  9.99518878E-01  2.15955376E+00  0.00000000E+00  1.88003752E-02
   3.23356673E-01  7.93971790E+00  4.62517167E+00  2.04799972E+01  9.99520692E-01  2.17490342E+00  0.00000000E+00  1.88004672E-02
   3.23384367E-01  7.94134809E+00  4.63090286E+00  2.04881225E+01  9.99522460E-01  2.18993323E+00  0.00000000E+00  1.88005790E-02
   3.23411485E-01  7.94293824E+00  4.63649300E+00  2.04960512E+01  9.99524181E-01  2.20464467E+00  0.00000000E+00  1.88007140E-02
   3.23438073E-01  7.94449140E+00  4.64195260E+00  2.05037979E+01  9.99525859E-01  2.21906134E+00  0.00000000E+00  1.88008764E-02
   3.23464144E-01  7.94600891E+00  4.64728575E+00  2.05113684E+01  9.99527494E-01  2.23318915E+00  0.00000000E+00  1.88010706E-02
   3.23489730E-01  7.94749321E+00  4.65249993E+00  2.05187732E+01  9.99529088E-01  2.24704262E+00  0.00000000E+00  1.88013018E-02
   3.23514833E-01  7.94894499E+00  4.65759702E+00  2.05260149E+01  9.99530641E-01  2.26062256E+00  0.00000000E+00  1.88015757E-02
   3.23539473E-01  7.95036421E+00  4.66257906E+00  2.05330959E+01  9.99532156E-01  2.27393579E+00  0.00000000E+00  1.88018987E-02
   3.23563658E-01  7.95175475E+00  4.66745353E+00  2.05400277E+01  9.99533629E-01  2.28698723E+00  0.00000000E+00  1.88022780E-02
   3.23587434E-01  7.95311800E+00  4.67222751E+00  2.05468198E+01  9.99535065E-01  2.29979772E+00  0.00000000E+00  1.88027220E-02
   3.23610775E-01  7.95445397E+00  4.67689821E+00  2.05534686E+01  9.99536460E-01  2.31235138E+00  0.00000000E+00  1.88032390E-02
   3.23633719E-01  7.95576460E+00  4.68147268E+00  2.05599839E+01  9.99537816E-01  2.32466559E+00  0.00000000E+00  1.88038394E-02
   3.23656268E-01  7.95705109E+00  4.68595300E+00  2.05663690E+01  9.99539133E-01  2.33673915E+00  0.00000000E+00  1.88045341E-02
   3.23678454E-01  7.95831537E+00  4.69034506E+00  2.05726325E+01  9.99540411E-01  2.34851483E+00  0.00000000E+00  1.88053356E-02
   3.23700262E-01  7.95955741E+00  4.69464706E+00  2.05787719E+01  9.99541649E-01  2.36000540E+00  0.00000000E+00  1.88062566E-02
   3.23721723E-01  7.96077928E+00  4.69886521E+00  2.05847959E+01  9.99542847E-01  2.37127803E+00  0.00000000E+00  1.88073125E-02
   3.23742848E-01  7.96198241E+00  4.70300243E+00  2.05907090E+01  9.99544004E-01  2.38233416E+00  0.00000000E+00  1.88085197E-02
   3.23763639E-01  7.96316726E+00  4.70705899E+00  2.05965115E+01  9.99545119E-01  2.39316944E+00  0.00000000E+00  1.88098955E-02
   3.23784104E-01  7.96433515E+00  4.71103730E+00  2.06022073E+01  9.99546191E-01  2.40378382E+00  0.00000000E+00  1.88114595E-02
   3.23804269E-01  7.96548806E+00  4.71494221E+00  2.06078035E+01  9.99547218E-01  2.41418420E+00  0.00000000E+00  1.88132344E-02
   3.23824122E-01  7.96662610E+00  4.71877163E+00  2.06132974E+01  9.99548199E-01  2.42435775E+00  0.00000000E+00  1.88152418E-02
   3.23843682E-01  7.96775120E+00  4.72252966E+00  2.06186953E+01  9.99549132E-01  2.43430824E+00  0.00000000E+00  1.88175085E-02
   3.23862969E-01  7.96886516E+00  4.72621964E+00  2.06240024E+01  9.99550015E-01  2.44403675E+00  0.00000000E+00  1.88200639E-02
   3.23881962E-01  7.96996903E+00  4.72983992E+00  2.06292170E+01  9.99550842E-01  2.45352592E+00  0.00000000E+00  1.88229355E-02
   3.23900701E-01  7.97106362E+00  4.73339426E+00  2.06343443E+01  9.99551616E-01  2.46278601E+00  0.00000000E+00  1.88261620E-02
   3.23919164E-01  7.97214992E+00  4.73688006E+00  2.06393816E+01  9.99552330E-01  2.47179551E+00  0.00000000E+00  1.88297752E-02
   3.23937385E-01  7.97323052E+00  4.74030295E+00  2.06443374E+01  9.99552982E-01  2.48056099E+00  0.00000000E+00  1.88338209E-02
   3.23955361E-01  7.97430647E+00  4.74366207E+00  2.06492111E+01  9.99553568E-01  2.48906882E+00  0.00000000E+00  1.88383424E-02
   3.23973085E-01  7.97537866E+00  4.74695575E+00  2.06540010E+01  9.99554083E-01  2.49730245E+00  0.00000000E+00  1.88433848E-02
   3.23990583E-01  7.97645005E+00  4.75018826E+00  2.06587144E+01  9.99554522E-01  2.50525929E+00  0.00000000E+00  1.88490073E-02
   3.24007847E-01  7.97752179E+00  4.75335772E+00  2.06633492E+01  9.99554879E-01  2.51291987E+00  0.00000000E+00  1.88552657E-02
   3.24024883E-01  7.97859708E+00  4.75646616E+00  2.06679101E+01  9.99555145E-01  2.52026881E+00  0.00000000E+00  1.88622249E-02
   3.24041717E-01  7.97967748E+00  4.75951428E+00  2.06723985E+01  9.99555316E-01  2.52729623E+00  0.00000000E+00  1.88699673E-02
   3.24058312E-01  7.98076334E+00  4.76249554E+00  2.06768065E+01  9.99555382E-01  2.53396544E+00  0.00000000E+00  1.88785549E-02
   3.24074728E-01  7.98186079E+00  4.76541906E+00  2.06811491E+01  9.99555334E-01  2.54027433E+00  0.00000000E+00  1.88881046E-02
   3.24090921E-01  7.98296986E+00  4.76827614E+00  2.06854152E+01  9.99555159E-01  2.54617782E+00  0.00000000E+00  1.88986920E-02
   3.24106935E-01  7.98409743E+00  4.77107389E+00  2.06896177E+01  9.99554844E-01  2.55165819E+00  0.00000000E+00  1.89104545E-02
   3.24122745E-01  7.98524346E+00  4.77380333E+00  2.06937454E+01  9.99554376E-01  2.55666956E+00  0.00000000E+00  1.89235039E-02
   3.24138367E-01  7.98641400E+00  4.77646622E+00  2.06978038E+01  9.99553735E-01  2.56117364E+00  0.00000000E+00  1.89379923E-02
   3.24153809E-01  7.98761490E+00  4.77906186E+00  2.07017955E+01  9.99552900E-01  2.56512179E+00  0.00000000E+00  1.89540921E-02
   3.24169078E-01  7.98885070E+00  4.78158573E+00  2.07057173E+01  9.99551848E-01  2.56845590E+00  0.00000000E+00  1.89720035E-02
   3.24184156E-01  7.99012745E+00  4.78403252E+00  2.07095661E+01  9.99550547E-01  2.57110283E+00  0.00000000E+00  1.89919243E-02
   3.24199084E-01  7.99145569E+00  4.78640257E+00  2.07133485E+01  9.99548961E-01  2.57298428E+00  0.00000000E+00  1.90141646E-02
   3.24213828E-01  7.99284269E+00  4.78868580E+00  2.07170561E+01  9.99547045E-01  2.57399452E+00  0.00000000E+00  1.90389855E-02
   3.24228424E-01  7.99430410E+00  4.79088073E+00  2.07206962E+01  9.99544739E-01  2.57400856E+00  0.00000000E+00  1.90668088E-02
   3.24242853E-01  7.99585121E+00  4.79297287E+00  2.07242572E+01  9.99541977E-01  2.57286976E+00  0.00000000E+00  1.90980554E-02
   3.24257124E-01  7.99750507E+00  4.79495353E+00  2.07277409E+01  9.99538662E-01  2.57037869E+00  0.00000000E+00  1.91332826E-02
   3.24271249E-01  7.99929196E+00  4.79680859E+00  2.07311451E+01  9.99534668E-01  2.56627141E+00  0.00000000E+00  1.91732127E-02
   3.24285228E-01  8.00124404E+00  4.79851385E+00  2.07344609E+01  9.99529829E-01  2.56019292E+00  0.00000000E+00  1.92187317E-02
   3.24299047E-01  8.00340575E+00  4.80004076E+00  2.07376788E+01  9.99523915E-01  2.55168000E+00  0.00000000E+00  1.92709382E-02
   3.24312745E-01  8.00585058E+00  4.80135319E+00  2.07407971E+01  9.99516557E-01  2.54002444E+00  0.00000000E+00  1.93315243E-02
   3.24326290E-01  8.00818881E+00  4.80261475E+00  2.07437915E+01  9.99509427E-01  2.52893962E+00  0.00000000E+00  1.93629058E-02
   3.24339696E-01  8.01001939E+00  4.80401868E+00  2.07466635E+01  9.99504374E-01  2.52233049E+00  0.00000000E+00  1.93543881E-02
   3.24352976E-01  8.01187197E+00  4.80530850E+00  2.07494035E+01  9.99499015E-01  2.51500950E+00  0.00000000E+00  1.93736029E-02
   3.24366125E-01  8.01376678E+00  4.80645357E+00  2.07519884E+01  9.99493221E-01  2.50668163E+00  0.00000000E+00  1.93876740E-02
   3.24379133E-01  8.01571042E+00  4.80743287E+00  2.07543957E+01  9.99486919E-01  2.49720209E+00  0.00000000E+00  1.94017587E-02
   3.24392023E-01  8.01771419E+00  4.80822379E+00  2.07566040E+01  9.99480013E-01  2.48638626E+00  0.00000000E+00  1.94207447E-02
   3.24404794E-01  8.01978739E+00  4.80878976E+00  2.07585737E+01  9.99472386E-01  2.47399962E+00  0.00000000E+00  1.94459844E-02
   3.24417422E-01  8.02191243E+00  4.80910575E+00  2.07602687E+01  9.99464054E-01  2.46006383E+00  0.00000000E+00  1.94155792E-02
   3.24429949E-01  8.02412432E+00  4.80911987E+00  2.07616362E+01  9.99454743E-01  2.44409216E+00  0.00000000E+00  1.94566281E-02
   3.24442350E-01  8.02643492E+00  4.80876073E+00  2.07626055E+01  9.99444257E-01  2.42568212E+00  0.00000000E+00  1.94511297E-02
   3.24454481E-01  8.02878916E+00  4.80799756E+00  2.07630971E+01  9.99432717E-01  2.40511717E+00  0.00000000E+00  1.95110861E-02
   3.24465331E-01  8.03098686E+00  4.80689882E+00  2.07630842E+01  9.99421100E-01  2.38418456E+00  0.00000000E+00  1.95192280E-02
   3.24475527E-01  8.03312473E+00  4.80544194E+00  2.07625904E+01  9.99408917E-01  2.36210057E+00  0.00000000E+00  1.95846018E-02
   3.24484948E-01  8.03515786E+00  4.80366661E+00  2.07616470E+01  9.99396434E-01  2.33936334E+00  0.00000000E+00  1.96027571E-02
   3.24493583E-01  8.03707016E+00  4.80161523E+00  2.07602941E+01  9.99383793E-01  2.31609011E+00  0.00000000E+00  1.96245714E-02
   3.24501834E-01  8.03891970E+00  4.79923596E+00  2.07584998E+01  9.99370611E-01  2.29184115E+00  0.00000000E+00  1.96979032E-02
   3.24509270E-01  8.04060479E+00  4.79669813E+00  2.07564185E+01  9.99357696E-01  2.26813647E+00  0.00000000E+00  1.97233474E-02
   3.24516425E-01  8.04223065E+00  4.79386128E+00  2.07539352E+01  9.99344266E-01  2.24358497E+00  0.00000000E+00  1.97985134E-02
   3.24523237E-01  8.04376752E+00  4.79077797E+00  2.07511043E+01  9.99330569E-01  2.21865158E+00  0.00000000E+00  1.98310341E-02
   3.24529663E-01  8.04520057E+00  4.78750157E+00  2.07479791E+01  9.99316776E-01  2.19369235E+00  0.00000000E+00  1.98653013E-02
   3.24535981E-01  8.04657619E+00  4.78392287E+00  2.07444514E+01  9.99302421E-01  2.16789515E+00  0.00000000E+00  1.99473212E-02
   3.24541927E-01  8.04783217E+00  4.78022766E+00  2.07407181E+01  9.99288212E-01  2.14254273E+00  0.00000000E+00  1.99850760E-02
   3.24547823E-01  8.04903124E+00  4.77624041E+00  2.07365965E+01  9.99273445E-01  2.11641580E+00  0.00000000E+00  2.00701203E-02
   3.24554130E-01  8.05024423E+00  4.77162398E+00  2.07317281E+01  9.99257000E-01  2.08755054E+00  0.00000000E+00  2.01258074E-02
   3.24560252E-01  8.05134323E+00  4.76682774E+00  2.07265793E+01  9.99240490E-01  2.05885359E+00  0.00000000E+00  2.01823757E-02
   3.24566522E-01  8.05237962E+00  4.76161962E+00  2.07209006E+01  9.99223113E-01  2.02896458E+00  0.00000000E+00  2.02461517E-02
   3.24573007E-01  8.05334714E+00  4.75596096E+00  2.07146428E+01  9.99204782E-01  1.99778795E+00  0.00000000E+00  2.03177902E-02
   3.24579670E-01  8.05422389E+00  4.74991962E+00  2.07078762E+01  9.99185747E-01  1.96579693E+00  0.00000000E+00  2.03953337E-02
   3.24586581E-01  8.05500346E+00  4.74348663E+00  2.07005839E+01  9.99165992E-01  1.93302151E+00  0.00000000E+00  2.05207213E-02
   3.24593819E-01  8.05568392E+00  4.73664430E+00  2.06927519E+01  9.99145477E-01  1.89942691E+00  0.00000000E+00  2.06107281E-02
   3.24601955E-01  8.05628532E+00  4.72893076E+00  2.06838328E+01  9.99122901E-01  1.86265219E+00  0.00000000E+00  2.07188405E-02
   3.24611246E-01  8.05678341E+00  4.72022402E+00  2.06736734E+01  9.99098013E-01  1.82257728E+00  0.00000000E+00  2.08051951E-02
   3.24622095E-01  8.05714418E+00  4.71037441E+00  2.06620708E+01  9.99070507E-01  1.77895875E+00  0.00000000E+00  2.09585132E-02
   3.24633566E-01  8.05732785E+00  4.70044527E+00  2.06502849E+01  9.99043320E-01  1.73655761E+00  0.00000000E+00  2.11107360E-02
   3.24645145E-01  8.05735310E+00  4.69099228E+00  2.06389912E+01  9.99017887E-01  1.69751023E+00  0.00000000E+00  2.12483383E-02
   3.24657002E-01  8.05725479E+00  4.68194604E+00  2.06281206E+01  9.98993906E-01  1.66123835E+00  0.00000000E+00  2.14192740E-02
   3.24669136E-01  8.05706140E+00  4.67335380E+00  2.06177522E+01  9.98971431E-01  1.62769468E+00  0.00000000E+00  2.15316369E-02
   3.24681559E-01  8.05679343E+00  4.66522069E+00  2.06078939E+01  9.98950409E-01  1.59671523E+00  0.00000000E+00  2.16785475E-02
   3.24694273E-01  8.05647516E+00  4.65755786E+00  2.05985759E+01  9.98930785E-01  1.56814499E+00  0.00000000E+00  2.18140962E-02
   3.24707279E-01  8.05611892E+00  4.65034900E+00  2.05897841E+01  9.98912494E-01  1.54179820E+00  0.00000000E+00  2.19386186E-02
   3.24720573E-01  8.05573750E+00  4.64358674E+00  2.05815111E+01  9.98895466E-01  1.51752863E+00  0.00000000E+00  2.21047473E-02
   3.24734142E-01  8.05534487E+00  4.63725835E+00  2.05737582E+01  9.98879630E-01  1.49516815E+00  0.00000000E+00  2.22090644E-02
   3.24747992E-01  8.05493939E+00  4.63133031E+00  2.05664706E+01  9.98864918E-01  1.47445597E+00  0.00000000E+00  2.23593541E-02
   3.24762100E-01  8.05453288E+00  4.62579833E+00  2.05596542E+01  9.98851271E-01  1.45527150E+00  0.00000000E+00  2.25032991E-02
   3.24776455E-01  8.05412511E+00  4.62062747E+00  2.05532684E+01  9.98838626E-01  1.43757354E+00  0.00000000E+00  2.26412462E-02
   3.24791058E-01  8.05371885E+00  4.61579435E+00  2.05472864E+01  9.98826916E-01  1.42123938E+00  0.00000000E+00  2.27735812E-02
   3.24805887E-01  8.05331671E+00  4.61128181E+00  2.05416887E+01  9.98816091E-01  1.40617378E+00  0.00000000E+00  2.29005298E-02
   3.24820944E-01  8.05291957E+00  4.60706917E+00  2.05364506E+01  9.98806100E-01  1.39228024E+00  0.00000000E+00  2.30225013E-02
   3.24836218E-01  8.05252769E+00  4.60314127E+00  2.05315534E+01  9.98796912E-01  1.37948862E+00  0.00000000E+00  2.31424308E-02
   3.24851695E-01  8.05214281E+00  4.59948372E+00  2.05269810E+01  9.98788481E-01  1.36772503E+00  0.00000000E+00  2.32578202E-02
   3.24867381E-01  8.05176490E+00  4.59608041E+00  2.05227135E+01  9.98780768E-01  1.35692027E+00  0.00000000E+00  2.33726330E-02
   3.24883278E-01  8.05139316E+00  4.59291584E+00  2.05187317E+01  9.98773744E-01  1.34701318E+00  0.00000000E+00  2.34854139E-02
   3.24899370E-01  8.05102808E+00  4.58998069E+00  2.05150246E+01  9.98767384E-01  1.33795981E+00  0.00000000E+00  2.35962351E-02
   3.24915671E-01  8.05066930E+00  4.58726113E+00  2.05115753E+01  9.98761654E-01  1.32970462E+00  0.00000000E+00  2.37054438E-02
   3.24932169E-01  8.05031680E+00  4.58474969E+00  2.05083744E+01  9.98756537E-01  1.32221506E+00  0.00000000E+00  2.38152734E-02
   3.24948881E-01  8.04997033E+00  4.58243387E+00  2.05054072E+01  9.98752001E-01  1.31544156E+00  0.00000000E+00  2.39240299E-02
   3.24965790E-01  8.04963038E+00  4.58030702E+00  2.05026658E+01  9.98748024E-01  1.30935299E+00  0.00000000E+00  2.40317780E-02
   3.24982918E-01  8.04929652E+00  4.57835882E+00  2.05001377E+01  9.98744581E-01  1.30391003E+00  0.00000000E+00  2.41388653E-02
   3.25000267E-01  8.04896908E+00  4.57658262E+00  2.04978149E+01  9.98741650E-01  1.29908354E+00  0.00000000E+00  2.42478912E-02
   3.25017831E-01  8.04864846E+00  4.57497139E+00  2.04956896E+01  9.98739205E-01  1.29484277E+00  0.00000000E+00  2.43566956E-02
   3.25035628E-01  8.04833486E+00  4.57351704E+00  2.04937523E+01  9.98737221E-01  1.29115455E+00  0.00000000E+00  2.44655727E-02
   3.25053665E-01  8.04802869E+00  4.57221288E+00  2.04919955E+01  9.98735673E-01  1.28799004E+00  0.00000000E+00  2.45747735E-02
   3.25071933E-01  8.04773070E+00  4.57105344E+00  2.04904132E+01  9.98734536E-01  1.28532347E+00  0.00000000E+00  2.46844520E-02
   3.25090454E-01  8.04744127E+00  4.57003158E+00  2.04889973E+01  9.98733784E-01  1.28312504E+00  0.00000000E+00  2.47949539E-02
   3.25109232E-01  8.04716112E+00  4.56914129E+00  2.04877413E+01  9.98733389E-01  1.28136752E+00  0.00000000E+00  2.49065361E-02
   3.25128278E-01  8.04689102E+00  4.56837631E+00  2.04866384E+01  9.98733323E-01  1.28002267E+00  0.00000000E+00  2.50195046E-02
   3.25147586E-01  8.04663139E+00  4.56773213E+00  2.04856836E+01  9.98733567E-01  1.27907084E+00  0.00000000E+00  2.51340828E-02
   3.25167174E-01  8.04638318E+00  4.56720128E+00  2.04848693E+01  9.98734088E-01  1.27847860E+00  0.00000000E+00  2.52472888E-02
   3.25187044E-01  8.04614759E+00  4.56677782E+00  2.04841890E+01  9.98734852E-01  1.27821685E+00  0.00000000E+00  2.53626344E-02
   3.25207190E-01  8.04592524E+00  4.56645689E+00  2.04836377E+01  9.98735836E-01  1.27826386E+00  0.00000000E+00  2.54804198E-02
   3.25227619E-01  8.04571713E+00  4.56623105E+00  2.04832077E+01  9.98737007E-01  1.27858638E+00  0.00000000E+00  2.55972946E-02
   3.25248339E-01  8.04552419E+00  4.56609392E+00  2.04828919E+01  9.98738332E-01  1.27915521E+00  0.00000000E+00  2.57171804E-02
   3.25269347E-01  8.04534718E+00  4.56603895E+00  2.04826837E+01  9.98739783E-01  1.27994193E+00  0.00000000E+00  2.58365536E-02
   3.25290655E-01  8.04518691E+00  4.56605930E+00  2.04825753E+01  9.98741328E-01  1.28091644E+00  0.00000000E+00  2.59595758E-02
   3.25312266E-01  8.04504458E+00  4.56614706E+00  2.04825588E+01  9.98742929E-01  1.28204257E+00  0.00000000E+00  2.60825508E-02
   3.25334184E-01  8.04492009E+00  4.56629674E+00  2.04826274E+01  9.98744568E-01  1.28330055E+00  0.00000000E+00  2.62098989E-02
   3.25356387E-01  8.04481491E+00  4.56649868E+00  2.04827713E+01  9.98746199E-01  1.28464603E+00  0.00000000E+00  2.63375303E-02
   3.25378881E-01  8.04472983E+00  4.56674440E+00  2.04829813E+01  9.98747787E-01  1.28604294E+00  0.00000000E+00  2.64656516E-02
   3.25401671E-01  8.04466419E+00  4.56702764E+00  2.04832495E+01  9.98749317E-01  1.28747158E+00  0.00000000E+00  2.65945362E-02
   3.25424748E-01  8.04461870E+00  4.56733973E+00  2.04835660E+01  9.98750751E-01  1.28889554E+00  0.00000000E+00  2.67290358E-02
   3.25448119E-01  8.04459395E+00  4.56767205E+00  2.04839215E+01  9.98752058E-01  1.29027927E+00  0.00000000E+00  2.68649048E-02
   3.25471770E-01  8.04458981E+00  4.56801533E+00  2.04843053E+01  9.98753208E-01  1.29158868E+00  0.00000000E+00  2.70022200E-02
   3.25495689E-01  8.04460608E+00  4.56836081E+00  2.04847069E+01  9.98754173E-01  1.29279193E+00  0.00000000E+00  2.71411750E-02
   3.25519877E-01  8.04464237E+00  4.56869998E+00  2.04851160E+01  9.98754930E-01  1.29385932E+00  0.00000000E+00  2.72820396E-02
   3.25544330E-01  8.04469809E+00  4.56902442E+00  2.04855225E+01  9.98755457E-01  1.29476250E+00  0.00000000E+00  2.74250641E-02
   3.25569048E-01  8.04477248E+00  4.56932592E+00  2.04859162E+01  9.98755732E-01  1.29547466E+00  0.00000000E+00  2.75705000E-02
   3.25594018E-01  8.04486463E+00  4.56959636E+00  2.04862868E+01  9.98755738E-01  1.29597062E+00  0.00000000E+00  2.77185340E-02
   3.25619210E-01  8.04497331E+00  4.56982786E+00  2.04866244E+01  9.98755460E-01  1.29622753E+00  0.00000000E+00  2.78692453E-02
   3.25644638E-01  8.04509739E+00  4.57001343E+00  2.04869199E+01  9.98754884E-01  1.29622544E+00  0.00000000E+00  2.80229602E-02
   3.25670300E-01  8.04523553E+00  4.57014629E+00  2.04871643E+01  9.98754000E-01  1.29594655E+00  0.00000000E+00  2.81798928E-02
   3.25696195E-01  8.04538634E+00  4.57022030E+00  2.04873495E+01  9.98752800E-01  1.29537564E+00  0.00000000E+00  2.83402595E-02
   3.25722292E-01  8.04554810E+00  4.57022990E+00  2.04874678E+01  9.98751281E-01  1.29450172E+00  0.00000000E+00  2.85040844E-02
   3.25748596E-01  8.04571926E+00  4.57017046E+00  2.04875125E+01  9.98749439E-01  1.29331629E+00  0.00000000E+00  2.86715720E-02
   3.25775093E-01  8.04589712E+00  4.57003418E+00  2.04874794E+01  9.98747294E-01  1.29180559E+00  0.00000000E+00  2.87664894E-02
   3.25801800E-01  8.04607718E+00  4.56982560E+00  2.04873573E+01  9.98744862E-01  1.29001223E+00  0.00000000E+00  2.89357692E-02
   3.25828704E-01  8.04626362E+00  4.56954593E+00  2.04871571E+01  9.98742125E-01  1.28791761E+00  0.00000000E+00  2.91088695E-02
   3.25855791E-01  8.04645206E+00  4.56918987E+00  2.04868693E+01  9.98739104E-01  1.28552697E+00  0.00000000E+00  2.92858236E-02
   3.25883071E-01  8.04664110E+00  4.56875750E+00  2.04864930E+01  9.98735812E-01  1.28284896E+00  0.00000000E+00  2.94667357E-02
   3.25910536E-01  8.04682815E+00  4.56824290E+00  2.04860300E+01  9.98732282E-01  1.27987650E+00  0.00000000E+00  2.95343956E-02
   3.25938203E-01  8.04700737E+00  4.56765954E+00  2.04854710E+01  9.98728552E-01  1.27669328E+00  0.00000000E+00  2.97171204E-02
   3.25966049E-01  8.04718637E+00  4.56701535E+00  2.04848412E+01  9.98724606E-01  1.27328675E+00  0.00000000E+00  2.99034712E-02
   3.25994089E-01  8.04736010E+00  4.56630673E+00  2.04841324E+01  9.98720477E-01  1.26967223E+00  0.00000000E+00  3.00935758E-02
   3.26022322E-01  8.04752752E+00  4.56553814E+00  2.04833492E+01  9.98716189E-01  1.26587272E+00  0.00000000E+00  3.02873349E-02
   3.26050765E-01  8.04768689E+00  4.56470495E+00  2.04824982E+01  9.98711782E-01  1.26188128E+00  0.00000000E+00  3.03364707E-02
   3.26079405E-01  8.04783204E+00  4.56382716E+00  2.04815720E+01  9.98707304E-01  1.25780712E+00  0.00000000E+00  3.05309963E-02
   3.26108255E-01  8.04797406E+00  4.56291654E+00  2.04806053E+01  9.98702728E-01  1.25363246E+00  0.00000000E+00  3.07286904E-02
   3.26137318E-01  8.04810722E+00  4.56197001E+00  2.04795904E+01  9.98698097E-01  1.24937806E+00  0.00000000E+00  3.09295376E-02
   3.26166616E-01  8.04823146E+00  4.56099325E+00  2.04785338E+01  9.98693431E-01  1.24506557E+00  0.00000000E+00  3.11335286E-02
   3.26196145E-01  8.04834676E+00  4.55999281E+00  2.04774431E+01  9.98688754E-01  1.24071957E+00  0.00000000E+00  3.13404790E-02
   3.26225900E-01  8.04845313E+00  4.55897518E+00  2.04763258E+01  9.98684088E-01  1.23636408E+00  0.00000000E+00  3.15501812E-02
   3.26255911E-01  8.04855095E+00  4.55794549E+00  2.04751882E+01  9.98679447E-01  1.23201607E+00  0.00000000E+00  3.17626970E-02
   3.26286190E-01  8.04864046E+00  4.55689421E+00  2.04740373E+01  9.98674851E-01  1.22763893E+00  0.00000000E+00  3.17795839E-02
   3.26316729E-01  8.04871425E+00  4.55584648E+00  2.04728614E+01  9.98670355E-01  1.22336649E+00  0.00000000E+00  3.19906896E-02
   3.26347542E-01  8.04878840E+00  4.55481520E+00  2.04717050E+01  9.98665899E-01  1.21915709E+00  0.00000000E+00  3.22040467E-02
   3.26378649E-01  8.04885619E+00  4.55379179E+00  2.04705531E+01  9.98661520E-01  1.21501605E+00  0.00000000E+00  3.24198160E-02
   3.26410050E-01  8.04891824E+00  4.55278012E+00  2.04694105E+01  9.98657227E-01  1.21095397E+00  0.00000000E+00  3.26378862E-02
   3.26441773E-01  8.04897536E+00  4.55178274E+00  2.04682808E+01  9.98653021E-01  1.20697561E+00  0.00000000E+00  3.28583547E-02
   3.26473809E-01  8.04902831E+00  4.55080287E+00  2.04671682E+01  9.98648907E-01  1.20308830E+00  0.00000000E+00  3.30810675E-02
   3.26506164E-01  8.04907784E+00  4.54984252E+00  2.04660758E+01  9.98644886E-01  1.19929503E+00  0.00000000E+00  3.33060091E-02
   3.26538870E-01  8.04912477E+00  4.54890253E+00  2.04650049E+01  9.98640953E-01  1.19559411E+00  0.00000000E+00  3.35333458E-02
   3.26571947E-01  8.04916993E+00  4.54798364E+00  2.04639571E+01  9.98637104E-01  1.19198350E+00  0.00000000E+00  3.37631715E-02
   3.26605357E-01  8.04921392E+00  4.54708743E+00  2.04629347E+01  9.98633338E-01  1.18846536E+00  0.00000000E+00  3.39952148E-02
   3.26639146E-01  8.04925756E+00  4.54621293E+00  2.04619372E+01  9.98629645E-01  1.18503155E+00  0.00000000E+00  3.42297766E-02
   3.26673322E-01  8.04930144E+00  4.54535960E+00  2.04609642E+01  9.98626016E-01  1.18167655E+00  0.00000000E+00  3.44669281E-02
   3.26707905E-01  8.04934623E+00  4.54452634E+00  2.04600151E+01  9.98622442E-01  1.17839259E+00  0.00000000E+00  3.47068245E-02
   3.26742872E-01  8.04939236E+00  4.54371253E+00  2.04590895E+01  9.98618916E-01  1.17517482E+00  0.00000000E+00  3.49493515E-02
   3.26778253E-01  8.04944035E+00  4.54291614E+00  2.04581854E+01  9.98615426E-01  1.17201290E+00  0.00000000E+00  3.51947575E-02
   3.26814063E-01  8.04949058E+00  4.54213518E+00  2.04573007E+01  9.98611961E-01  1.16889741E+00  0.00000000E+00  3.54431990E-02
   3.26850311E-01  8.04954337E+00  4.54136761E+00  2.04564333E+01  9.98608509E-01  1.16581896E+00  0.00000000E+00  3.56948170E-02
   3.26886990E-01  8.04959892E+00  4.54061153E+00  2.04555812E+01  9.98605063E-01  1.16276969E+00  0.00000000E+00  3.59496303E-02
   3.26924117E-01  8.04965742E+00  4.53986455E+00  2.04547418E+01  9.98601611E-01  1.15973966E+00  0.00000000E+00  3.62078336E-02
   3.26961703E-01  8.04971893E+00  4.53912425E+00  2.04539122E+01  9.98598143E-01  1.15671981E+00  0.00000000E+00  3.64695918E-02
   3.26999772E-01  8.04978348E+00  4.53838808E+00  2.04530896E+01  9.98594650E-01  1.15370069E+00  0.00000000E+00  3.67351507E-02
   3.27038303E-01  8.04985100E+00  4.53765442E+00  2.04522720E+01  9.98591126E-01  1.15067682E+00  0.00000000E+00  3.70044556E-02
   3.27077317E-01  8.04992136E+00  4.53692089E+00  2.04514566E+01  9.98587563E-01  1.14764033E+00  0.00000000E+00  3.72777409E-02
   3.27116845E-01  8.04999451E+00  4.53618524E+00  2.04506408E+01  9.98583954E-01  1.14458338E+00  0.00000000E+00  3.75553013E-02
   3.27156865E-01  8.05007013E+00  4.53544622E+00  2.04498227E+01  9.98580296E-01  1.14150327E+00  0.00000000E+00  3.78370692E-02
   3.27197397E-01  8.05014797E+00  4.53470210E+00  2.04490003E+01  9.98576584E-01  1.13839512E+00  0.00000000E+00  3.81232691E-02
   3.27238467E-01  8.05022790E+00  4.53395145E+00  2.04481718E+01  9.98572816E-01  1.13525459E+00  0.00000000E+00  3.84141451E-02
   3.27280075E-01  8.05030961E+00  4.53319338E+00  2.04473359E+01  9.98568990E-01  1.13208024E+00  0.00000000E+00  3.87097728E-02
   3.27322224E-01  8.05039278E+00  4.53242727E+00  2.04464917E+01  9.98565107E-01  1.12887158E+00  0.00000000E+00  3.90102284E-02
   3.27364935E-01  8.05047721E+00  4.53165245E+00  2.04456382E+01  9.98561166E-01  1.12562747E+00  0.00000000E+00  3.93157273E-02
   3.27408223E-01  8.05056302E+00  4.53086880E+00  2.04447754E+01  9.98557164E-01  1.12234684E+00  0.00000000E+00  3.96264141E-02
   3.27452109E-01  8.05064909E+00  4.53007532E+00  2.04439012E+01  9.98553111E-01  1.11903226E+00  0.00000000E+00  3.99425006E-02
   3.27496588E-01  8.05073569E+00  4.52927328E+00  2.04430173E+01  9.98549006E-01  1.11568703E+00  0.00000000E+00  4.02639736E-02
   3.27541685E-01  8.05082260E+00  4.52846282E+00  2.04421237E+01  9.98544853E-01  1.11231276E+00  0.00000000E+00  4.05910441E-02
   3.27587443E-01  8.05090984E+00  4.52764403E+00  2.04412206E+01  9.98540652E-01  1.10890981E+00  0.00000000E+00  4.09240483E-02
   3.27633822E-01  8.05099707E+00  4.52681835E+00  2.04403092E+01  9.98536411E-01  1.10548526E+00  0.00000000E+00  4.12627314E-02
   3.27680889E-01  8.05108439E+00  4.52598568E+00  2.04393896E+01  9.98532128E-01  1.10203829E+00  0.00000000E+00  4.16075976E-02
   3.27728664E-01  8.05117175E+00  4.52514668E+00  2.04384624E+01  9.98527807E-01  1.09857154E+00  0.00000000E+00  4.19588177E-02
   3.27777128E-01  8.05125903E+00  4.52430269E+00  2.04375291E+01  9.98523453E-01  1.09509052E+00  0.00000000E+00  4.23162742E-02
   3.27826340E-01  8.05134639E+00  4.52345377E+00  2.04365899E+01  9.98519066E-01  1.09159467E+00  0.00000000E+00  4.26804287E-02
   3.27876309E-01  8.05143382E+00  4.52260073E+00  2.04356456E+01  9.98514647E-01  1.08808696E+00  0.00000000E+00  4.30513647E-02
   3.27927060E-01  8.05152141E+00  4.52174408E+00  2.04346970E+01  9.98510197E-01  1.08456876E+00  0.00000000E+00  4.34292980E-02
   3.27978613E-01  8.05160922E+00  4.52088430E+00  2.04337445E+01  9.98505718E-01  1.08104151E+00  0.00000000E+00  4.38144109E-02
   3.28031009E-01  8.05169737E+00  4.52002148E+00  2.04327885E+01  9.98501209E-01  1.07750488E+00  0.00000000E+00  4.42070496E-02
   3.28084267E-01  8.05178595E+00  4.51915600E+00  2.04318292E+01  9.98496669E-01  1.07395981E+00  0.00000000E+00  4.46073917E-02
   3.28138395E-01  8.05187501E+00  4.51828830E+00  2.04308674E+01  9.98492099E-01  1.07040763E+00  0.00000000E+00  4.50155406E-02
   3.28193465E-01  8.05196477E+00  4.51741775E+00  2.04299023E+01  9.98487495E-01  1.06684497E+00  0.00000000E+00  4.54320985E-02
   3.28249459E-01  8.05205512E+00  4.51654499E+00  2.04289347E+01  9.98482859E-01  1.06327467E+00  0.00000000E+00  4.58569787E-02
   3.28306446E-01  8.05214627E+00  4.51566943E+00  2.04279640E+01  9.98478187E-01  1.05969363E+00  0.00000000E+00  4.62907580E-02
   3.28364460E-01  8.05223833E+00  4.51479086E+00  2.04269900E+01  9.98473476E-01  1.05610052E+00  0.00000000E+00  4.67337741E-02
   3.28423487E-01  8.05233121E+00  4.51390975E+00  2.04260131E+01  9.98468730E-01  1.05249751E+00  0.00000000E+00  4.71859819E-02
   3.28483612E-01  8.05242509E+00  4.51302515E+00  2.04250324E+01  9.98463940E-01  1.04888041E+00  0.00000000E+00  4.76481064E-02
   3.28544848E-01  8.05251992E+00  4.51213712E+00  2.04240479E+01  9.98459109E-01  1.04524968E+00  0.00000000E+00  4.81203322E-02
   3.28607230E-01  8.05261576E+00  4.51124551E+00  2.04230594E+01  9.98454234E-01  1.04160452E+00  0.00000000E+00  4.86029999E-02
   3.28670814E-01  8.05271264E+00  4.51034980E+00  2.04220664E+01  9.98449312E-01  1.03794307E+00  0.00000000E+00  4.90966400E-02
   3.28735625E-01  8.05281052E+00  4.50945006E+00  2.04210687E+01  9.98444344E-01  1.03426574E+00  0.00000000E+00  4.96015219E-02
   3.28801704E-01  8.05290938E+00  4.50854613E+00  2.04200663E+01  9.98439329E-01  1.03057220E+00  0.00000000E+00  5.01180718E-02
   3.28869124E-01  8.05300936E+00  4.50763759E+00  2.04190587E+01  9.98434263E-01  1.02686035E+00  0.00000000E+00  5.06469360E-02
   3.28937882E-01  8.05311037E+00  4.50672496E+00  2.04180463E+01  9.98429148E-01  1.02313241E+00  0.00000000E+00  5.11882063E-02
   3.29008088E-01  8.05321256E+00  4.50580732E+00  2.04170283E+01  9.98423979E-01  1.01938451E+00  0.00000000E+00  5.17428423E-02
   3.29079730E-01  8.05331581E+00  4.50488536E+00  2.04160052E+01  9.98418759E-01  1.01561982E+00  0.00000000E+00  5.23108638E-02
   3.29152905E-01  8.05342019E+00  4.50395849E+00  2.04149764E+01  9.98413484E-01  1.01183589E+00  0.00000000E+00  5.28931454E-02
   3.29227653E-01  8.05352555E+00  4.50302690E+00  2.04139419E+01  9.98408156E-01  1.00803426E+00  0.00000000E+00  5.34901307E-02
   3.29304031E-01  8.05363191E+00  4.50209083E+00  2.04129021E+01  9.98402776E-01  1.00421575E+00  0.00000000E+00  5.41023765E-02
   3.29382121E-01  8.05373968E+00  4.50115009E+00  2.04118568E+01  9.98397338E-01  1.00037755E+00  0.00000000E+00  5.47306685E-02
   3.29461923E-01  8.05384870E+00  4.50020588E+00  2.04108065E+01  9.98391843E-01  9.96524916E-01  0.00000000E+00  5.53751497E-02
   3.29543562E-01  8.05395889E+00  4.49925675E+00  2.04097501E+01  9.98386290E-01  9.92653098E-01  0.00000000E+00  5.60369616E-02
   3.29627050E-01  8.05407018E+00  4.49830339E+00  2.04086885E+01  9.98380681E-01  9.88764993E-01  0.00000000E+00  5.67163513E-02
   3.29712525E-01  8.05418277E+00  4.49734525E+00  2.04076211E+01  9.98375012E-01  9.84857770E-01  0.00000000E+00  5.74145874E-02
   3.29800010E-01  8.05429653E+00  4.49638307E+00  2.04065485E+01  9.98369286E-01  9.80934709E-01  0.00000000E+00  5.81320087E-02
   3.29889611E-01  8.05441170E+00  4.49541667E+00  2.04054707E+01  9.98363499E-01  9.76993969E-01  0.00000000E+00  5.88696360E-02
   3.29981392E-01  8.05452826E+00  4.49444619E+00  2.04043878E+01  9.98357651E-01  9.73036265E-01  0.00000000E+00  5.96281853E-02
   3.30075440E-01  8.05464627E+00  4.49347166E+00  2.04032997E+01  9.98351741E-01  9.69061450E-01  0.00000000E+00  6.04085515E-02
   3.30171842E-01  8.05476578E+00  4.49249306E+00  2.04022064E+01  9.98345766E-01  9.65069223E-01  0.00000000E+00  6.12116580E-02
   3.30270650E-01  8.05488678E+00  4.49151083E+00  2.04011083E+01  9.98339729E-01  9.61061258E-01  0.00000000E+00  6.20381345E-02
   3.30372026E-01  8.05500959E+00  4.49052429E+00  2.04000049E+01  9.98333622E-01  9.57033663E-01  0.00000000E+00  6.28895476E-02
   3.30475980E-01  8.05513373E+00  4.48953438E+00  2.03988966E+01  9.98327452E-01  9.52992124E-01  0.00000000E+00  6.37662223E-02
   3.30582696E-01  8.05525973E+00  4.48854054E+00  2.03977832E+01  9.98321212E-01  9.48932180E-01  0.00000000E+00  6.46699335E-02
   3.30692174E-01  8.05538792E+00  4.48754314E+00  2.03966653E+01  9.98314897E-01  9.44853367E-01  0.00000000E+00  6.56009283E-02
   3.30804507E-01  8.05551805E+00  4.48654155E+00  2.03955419E+01  9.98308506E-01  9.40755014E-01  0.00000000E+00  6.65603044E-02
   3.30919842E-01  8.05565006E+00  4.48553529E+00  2.03944123E+01  9.98302037E-01  9.36635807E-01  0.00000000E+00  6.75496066E-02
   3.31038251E-01  8.05578408E+00  4.48452578E+00  2.03932767E+01  9.98295489E-01  9.32463682E-01  0.00000000E+00  6.85697433E-02
   3.31159858E-01  8.05591965E+00  4.48351321E+00  2.03921350E+01  9.98288867E-01  9.28241720E-01  0.00000000E+00  6.96220873E-02
   3.31284763E-01  8.05605710E+00  4.48249730E+00  2.03909882E+01  9.98282169E-01  9.24002119E-01  0.00000000E+00  7.07077982E-02
   3.31413095E-01  8.05619651E+00  4.48147824E+00  2.03898364E+01  9.98275394E-01  9.19745191E-01  0.00000000E+00  7.18283116E-02
   3.31544904E-01  8.05633781E+00  4.48045690E+00  2.03886805E+01  9.98268546E-01  9.15474404E-01  0.00000000E+00  7.29844099E-02
   3.31680391E-01  8.05648148E+00  4.47943259E+00  2.03875200E+01  9.98261614E-01  9.11184875E-01  0.00000000E+00  7.41781851E-02
   3.31819603E-01  8.05662734E+00  4.47840572E+00  2.03863550E+01  9.98254602E-01  9.06879114E-01  0.00000000E+00  7.54104552E-02
   3.31962669E-01  8.05677555E+00  4.47737616E+00  2.03851854E+01  9.98247504E-01  9.02555751E-01  0.00000000E+00  7.66827655E-02
   3.32109797E-01  8.05692577E+00  4.47634408E+00  2.03840109E+01  9.98240326E-01  8.98217318E-01  0.00000000E+00  7.79973948E-02
   3.32260956E-01  8.05707826E+00  4.47531108E+00  2.03828335E+01  9.98233069E-01  8.93867991E-01  0.00000000E+00  7.93544520E-02
   3.32416384E-01  8.05723329E+00  4.47427630E+00  2.03816523E+01  9.98225725E-01  8.89503433E-01  0.00000000E+00  8.07565119E-02
   3.32576140E-01  8.05739122E+00  4.47323943E+00  2.03804670E+01  9.98218286E-01  8.85120812E-01  0.00000000E+00  8.22046006E-02
   3.32740277E-01  8.05755153E+00  4.47220099E+00  2.03792777E+01  9.98210760E-01  8.80724627E-01  0.00000000E+00  8.36997299E-02
   3.32909019E-01  8.05771457E+00  4.47116062E+00  2.03780841E+01  9.98203139E-01  8.76311887E-01  0.00000000E+00  8.52444361E-02
   3.33082428E-01  8.05788023E+00  4.47011899E+00  2.03768867E+01  9.98195427E-01  8.71885560E-01  0.00000000E+00  8.68398211E-02
   3.33260572E-01  8.05804836E+00  4.46907714E+00  2.03756864E+01  9.98187629E-01  8.67449975E-01  0.00000000E+00  8.84870524E-02
   3.33443671E-01  8.05821947E+00  4.46803451E+00  2.03744829E+01  9.98179733E-01  8.63000708E-01  0.00000000E+00  9.01887027E-02
   3.33631738E-01  8.05839328E+00  4.46699200E+00  2.03732767E+01  9.98171746E-01  8.58542268E-01  0.00000000E+00  9.19455183E-02
   3.33824868E-01  8.05856993E+00  4.46595003E+00  2.03720684E+01  9.98163667E-01  8.54075414E-01  0.00000000E+00  9.37589581E-02
   3.34023141E-01  8.05874956E+00  4.46490871E+00  2.03708581E+01  9.98155493E-01  8.49599847E-01  0.00000000E+00  9.56303985E-02
   3.34226667E-01  8.05893188E+00  4.46386883E+00  2.03696462E+01  9.98147230E-01  8.45119795E-01  0.00000000E+00  9.75615428E-02
   3.34435538E-01  8.05911715E+00  4.46283093E+00  2.03684334E+01  9.98138876E-01  8.40635745E-01  0.00000000E+00  9.95538774E-02
   3.34649724E-01  8.05930563E+00  4.46179511E+00  2.03672200E+01  9.98130426E-01  8.36146830E-01  0.00000000E+00  1.01607774E-01
   3.34869224E-01  8.05949716E+00  4.46076157E+00  2.03660060E+01  9.98121882E-01  8.31654477E-01  0.00000000E+00  1.03723952E-01
   3.35094099E-01  8.05969175E+00  4.45973053E+00  2.03647915E+01  9.98113244E-01  8.27159461E-01  0.00000000E+00  1.05903697E-01
   3.35324327E-01  8.05988977E+00  4.45870159E+00  2.03635763E+01  9.98104504E-01  8.22658526E-01  0.00000000E+00  1.08147495E-01
   3.35559638E-01  8.06009090E+00  4.45767560E+00  2.03623614E+01  9.98095669E-01  8.18156239E-01  0.00000000E+00  1.10453484E-01
   3.35800029E-01  8.06029537E+00  4.45665192E+00  2.03611460E+01  9.98086733E-01  8.13649317E-01  0.00000000E+00  1.12822337E-01
   3.36045226E-01  8.06038400E+00  4.45665368E+00  2.03609890E+01  9.98084478E-01  8.13205137E-01  0.00000000E+00  1.15252115E-01
   3.36296626E-01  8.05981972E+00  4.46292296E+00  2.03673364E+01  9.98122056E-01  8.37360782E-01  0.00000000E+00  1.18227141E-01
   3.36563222E-01  8.05797268E+00  4.48321055E+00  2.03884439E+01  9.98241319E-01  9.16517553E-01  0.00000000E+00  1.22694674E-01
   3.36856436E-01  8.04017558E+00  4.57242495E+00  2.04766845E+01  9.98781689E-01  1.33312529E+00  0.00000000E+00  1.30609196E-01
   3.37091008E-01  8.03380140E+00  4.60329237E+00  2.05074200E+01  9.98929650E-01  1.48876214E+00  0.00000000E+00  1.39745240E-01
   3.37346928E-01  8.02949163E+00  4.61728832E+00  2.05198187E+01  9.99000258E-01  1.56896008E+00  0.00000000E+00  1.51289364E-01
   3.37551664E-01  8.02676982E+00  4.62903532E+00  2.05311444E+01  9.99050106E-01  1.63219870E+00  0.00000000E+00  1.59113024E-01
   3.37740496E-01  8.02499337E+00  4.64037517E+00  2.05429049E+01  9.99090487E-01  1.68901277E+00  0.00000000E+00  1.65063032E-01
   3.37932149E-01  8.02384112E+00  4.65111830E+00  2.05545040E+01  9.99123805E-01  1.74029275E+00  0.00000000E+00  1.70430444E-01
   3.38121907E-01  8.02304970E+00  4.66064176E+00  2.05649712E+01  9.99150883E-01  1.78484752E+00  0.00000000E+00  1.75406201E-01
   3.38315061E-01  8.02239724E+00  4.66939505E+00  2.05746526E+01  9.99174577E-01  1.82574420E+00  0.00000000E+00  1.80275887E-01
   3.38513640E-01  8.02178399E+00  4.67774595E+00  2.05839081E+01  9.99196533E-01  1.86506825E+00  0.00000000E+00  1.85131100E-01
   3.38721165E-01  8.02119447E+00  4.68596860E+00  2.05930479E+01  9.99217526E-01  1.90393119E+00  0.00000000E+00  1.90058747E-01
   3.38940383E-01  8.02063532E+00  4.69416561E+00  2.06021940E+01  9.99237768E-01  1.94261062E+00  0.00000000E+00  1.95119552E-01
   3.39175449E-01  8.02012464E+00  4.70235600E+00  2.06113742E+01  9.99257213E-01  1.98135420E+00  0.00000000E+00  2.00406069E-01
   3.39430746E-01  8.01964961E+00  4.71059486E+00  2.06206381E+01  9.99276064E-01  2.02047774E+00  0.00000000E+00  2.06018069E-01
   3.39707677E-01  8.01920637E+00  4.71885404E+00  2.06299464E+01  9.99294301E-01  2.05988122E+00  0.00000000E+00  2.11981169E-01
   3.39996846E-01  8.01880358E+00  4.72686368E+00  2.06389906E+01  9.99311405E-01  2.09829340E+00  0.00000000E+00  2.18090058E-01
   3.40274036E-01  8.01846549E+00  4.73400366E+00  2.06470625E+01  9.99326187E-01  2.13270616E+00  0.00000000E+00  2.23844932E-01
   3.40530170E-01  8.01819802E+00  4.74013080E+00  2.06539948E+01  9.99338488E-01  2.16231612E+00  0.00000000E+00  2.29084260E-01
   3.40770009E-01  8.01798067E+00  4.74545828E+00  2.06600191E+01  9.99348906E-01  2.18813070E+00  0.00000000E+00  2.33932190E-01
   3.40999927E-01  8.01780304E+00  4.75018132E+00  2.06653527E+01  9.99357905E-01  2.21104634E+00  0.00000000E+00  2.38532695E-01
   3.41224091E-01  8.01766673E+00  4.75437109E+00  2.06700729E+01  9.99365642E-01  2.23133139E+00  0.00000000E+00  2.42978694E-01
   3.41444529E-01  8.01755844E+00  4.75812370E+00  2.06742834E+01  9.99372389E-01  2.24948590E+00  0.00000000E+00  2.47318844E-01
   3.41662697E-01  8.01747806E+00  4.76146297E+00  2.06780087E+01  9.99378210E-01  2.26559344E+00  0.00000000E+00  2.51585588E-01
   3.41879198E-01  8.01743632E+00  4.76437711E+00  2.06812377E+01  9.99383053E-01  2.27949992E+00  0.00000000E+00  2.55793966E-01
   3.42094337E-01  8.01742625E+00  4.76687403E+00  2.06839730E+01  9.99386983E-01  2.29126989E+00  0.00000000E+00  2.59956432E-01
   3.42308472E-01  8.01744553E+00  4.76897326E+00  2.06862351E+01  9.99390060E-01  2.30099402E+00  0.00000000E+00  2.64083635E-01
   3.42521733E-01  8.01749197E+00  4.77069703E+00  2.06880488E+01  9.99392342E-01  2.30877865E+00  0.00000000E+00  2.68180992E-01
   3.42734435E-01  8.01756314E+00  4.77207444E+00  2.06894473E+01  9.99393898E-01  2.31476796E+00  0.00000000E+00  2.72257023E-01
   3.42946830E-01  8.01765641E+00  4.77313719E+00  2.06904673E+01  9.99394801E-01  2.31912299E+00  0.00000000E+00  2.76318511E-01
   3.43159028E-01  8.01776882E+00  4.77391937E+00  2.06911490E+01  9.99395124E-01  2.32202082E+00  0.00000000E+00  2.80369028E-01
   3.43371381E-01  8.01789748E+00  4.77445807E+00  2.06915360E+01  9.99394946E-01  2.32365437E+00  0.00000000E+00  2.84416361E-01
   3.43584025E-01  8.01803966E+00  4.77478917E+00  2.06916709E+01  9.99394341E-01  2.32421132E+00  0.00000000E+00  2.88463690E-01
   3.43797135E-01  8.01819280E+00  4.77494740E+00  2.06915952E+01  9.99393381E-01  2.32387346E+00  0.00000000E+00  2.92514628E-01
   3.44010953E-01  8.01835483E+00  4.77496479E+00  2.06913474E+01  9.99392128E-01  2.32280704E+00  0.00000000E+00  2.96573738E-01
   3.44225474E-01  8.01852371E+00  4.77487025E+00  2.06909623E+01  9.99390642E-01  2.32116360E+00  0.00000000E+00  3.00640727E-01
   3.44440970E-01  8.01869808E+00  4.77468882E+00  2.06904700E+01  9.99388970E-01  2.31907164E+00  0.00000000E+00  3.04720415E-01
   3.44657366E-01  8.01887660E+00  4.77444181E+00  2.06898966E+01  9.99387156E-01  2.31664183E+00  0.00000000E+00  3.08810913E-01
   3.44874864E-01  8.01905852E+00  4.77414635E+00  2.06892628E+01  9.99385232E-01  2.31396075E+00  0.00000000E+00  3.12915555E-01
   3.45093433E-01  8.01924313E+00  4.77381622E+00  2.06885854E+01  9.99383224E-01  2.31109889E+00  0.00000000E+00  3.17033302E-01
   3.45313142E-01  8.01943001E+00  4.77346194E+00  2.06878773E+01  9.99381154E-01  2.30810912E+00  0.00000000E+00  3.21165003E-01
   3.45534037E-01  8.01961887E+00  4.77309139E+00  2.06871482E+01  9.99379035E-01  2.30503078E+00  0.00000000E+00  3.25311096E-01
   3.45756066E-01  8.01980946E+00  4.77271045E+00  2.06864054E+01  9.99376879E-01  2.30189357E+00  0.00000000E+00  3.29470235E-01
   3.45979359E-01  8.02000084E+00  4.77232948E+00  2.06856610E+01  9.99374709E-01  2.29875283E+00  0.00000000E+00  3.33644478E-01
   3.46203748E-01  8.02018779E+00  4.77193954E+00  2.06849011E+01  9.99372534E-01  2.29560344E+00  0.00000000E+00  3.37830180E-01
   3.46429461E-01  8.02038249E+00  4.77155595E+00  2.06841520E+01  9.99370323E-01  2.29243152E+00  0.00000000E+00  3.42029046E-01
   3.46656235E-01  8.02057860E+00  4.77117365E+00  2.06834039E+01  9.99368097E-01  2.28925798E+00  0.00000000E+00  3.46238279E-01
   3.46884334E-01  8.02077674E+00  4.77079059E+00  2.06826541E+01  9.99365849E-01  2.28606897E+00  0.00000000E+00  3.50462593E-01
   3.47113497E-01  8.02097640E+00  4.77040764E+00  2.06819038E+01  9.99363583E-01  2.28287207E+00  0.00000000E+00  3.54697009E-01
   3.47343936E-01  8.02117781E+00  4.77002475E+00  2.06811528E+01  9.99361298E-01  2.27966558E+00  0.00000000E+00  3.58945204E-01
   3.47575517E-01  8.02138084E+00  4.76964231E+00  2.06804018E+01  9.99358995E-01  2.27645214E+00  0.00000000E+00  3.63204461E-01
   3.47808296E-01  8.02158564E+00  4.76926014E+00  2.06796504E+01  9.99356672E-01  2.27322985E+00  0.00000000E+00  3.67475619E-01
   3.48042314E-01  8.02179227E+00  4.76887810E+00  2.06788985E+01  9.99354330E-01  2.26999783E+00  0.00000000E+00  3.71759206E-01
   3.48277471E-01  8.02200052E+00  4.76849667E+00  2.06781468E+01  9.99351970E-01  2.26675971E+00  0.00000000E+00  3.76053184E-01
   3.48513927E-01  8.02221061E+00  4.76811563E+00  2.06773948E+01  9.99349589E-01  2.26351290E+00  0.00000000E+00  3.80360213E-01
   3.48751508E-01  8.02242242E+00  4.76773526E+00  2.06766433E+01  9.99347190E-01  2.26025970E+00  0.00000000E+00  3.84676877E-01
   3.48990375E-01  8.02263612E+00  4.76735534E+00  2.06758916E+01  9.99344771E-01  2.25699772E+00  0.00000000E+00  3.89005885E-01
   3.49230436E-01  8.02285161E+00  4.76697615E+00  2.06751403E+01  9.99342333E-01  2.25372918E+00  0.00000000E+00  3.93345323E-01
   3.49471767E-01  8.02306902E+00  4.76659750E+00  2.06743891E+01  9.99339874E-01  2.25045219E+00  0.00000000E+00  3.97696307E-01
   3.49714368E-01  8.02328837E+00  4.76621941E+00  2.06736381E+01  9.99337394E-01  2.24716678E+00  0.00000000E+00  4.02058604E-01
   3.49958180E-01  8.02350961E+00  4.76584202E+00  2.06728876E+01  9.99334894E-01  2.24387399E+00  0.00000000E+00  4.06430911E-01
   3.50203304E-01  8.02373286E+00  4.76546526E+00  2.06721373E+01  9.99332372E-01  2.24057277E+00  0.00000000E+00  4.10814772E-01
   3.50449686E-01  8.02395808E+00  4.76508920E+00  2.06713874E+01  9.99329830E-01  2.23726348E+00  0.00000000E+00  4.15208980E-01
   3.50697374E-01  8.02418537E+00  4.76471380E+00  2.06706379E+01  9.99327265E-01  2.23394550E+00  0.00000000E+00  4.19614115E-01
   3.50946387E-01  8.02441472E+00  4.76433913E+00  2.06698888E+01  9.99324679E-01  2.23061907E+00  0.00000000E+00  4.24030252E-01
   3.51196687E-01  8.02464622E+00  4.76396501E+00  2.06691402E+01  9.99322070E-01  2.22728301E+00  0.00000000E+00  4.28456443E-01
   3.51448326E-01  8.02487981E+00  4.76359173E+00  2.06683921E+01  9.99319439E-01  2.22393888E+00  0.00000000E+00  4.32893369E-01
   3.51701309E-01  8.02511561E+00  4.76321910E+00  2.06676445E+01  9.99316784E-01  2.22058508E+00  0.00000000E+00  4.37340799E-01
   3.51955615E-01  8.02535358E+00  4.76284731E+00  2.06668977E+01  9.99314106E-01  2.21722271E+00  0.00000000E+00  4.41798116E-01
   3.52211358E-01  8.02559386E+00  4.76247633E+00  2.06661514E+01  9.99311404E-01  2.21385086E+00  0.00000000E+00  4.46267015E-01
   3.52468399E-01  8.02583637E+00  4.76210626E+00  2.06654061E+01  9.99308679E-01  2.21047048E+00  0.00000000E+00  4.50744751E-01
   3.52726847E-01  8.02607999E+00  4.76174659E+00  2.06646728E+01  9.99305955E-01  2.20713293E+00  0.00000000E+00  4.55232980E-01
   3.52986758E-01  8.02631484E+00  4.76136553E+00  2.06639053E+01  9.99303222E-01  2.20376020E+00  0.00000000E+00  4.59732063E-01
   3.53247964E-01  8.02656270E+00  4.76100605E+00  2.06631720E+01  9.99300450E-01  2.20039969E+00  0.00000000E+00  4.64234112E-01
   3.53510721E-01  8.02681316E+00  4.76065233E+00  2.06624456E+01  9.99297660E-01  2.19705029E+00  0.00000000E+00  4.68747819E-01
   3.53774887E-01  8.02706658E+00  4.76029937E+00  2.06617204E+01  9.99294843E-01  2.19368672E+00  0.00000000E+00  4.73270553E-01
   3.54040455E-01  8.02732250E+00  4.75994735E+00  2.06609963E+01  9.99291999E-01  2.19031299E+00  0.00000000E+00  4.77802081E-01
   3.54307559E-01  8.02758103E+00  4.75959640E+00  2.06602733E+01  9.99289129E-01  2.18692896E+00  0.00000000E+00  4.82344370E-01
   3.54576072E-01  8.02784206E+00  4.75924685E+00  2.06595521E+01  9.99286233E-01  2.18353685E+00  0.00000000E+00  4.86894913E-01
   3.54846054E-01  8.02810572E+00  4.75889870E+00  2.06588326E+01  9.99283311E-01  2.18013589E+00  0.00000000E+00  4.91454405E-01
   3.55117602E-01  8.02837212E+00  4.75855190E+00  2.06581147E+01  9.99280362E-01  2.17672508E+00  0.00000000E+00  4.96024114E-01
   3.55390603E-01  8.02864121E+00  4.75820662E+00  2.06573988E+01  9.99277386E-01  2.17330564E+00  0.00000000E+00  5.00601800E-01
   3.55665131E-01  8.02891307E+00  4.75786290E+00  2.06566849E+01  9.99274383E-01  2.16987711E+00  0.00000000E+00  5.05188365E-01
   3.55941255E-01  8.02918782E+00  4.75752074E+00  2.06559730E+01  9.99271351E-01  2.16643883E+00  0.00000000E+00  5.09784599E-01
   3.56218890E-01  8.02946546E+00  4.75718002E+00  2.06552631E+01  9.99268290E-01  2.16299013E+00  0.00000000E+00  5.14388704E-01
   3.56498039E-01  8.02974593E+00  4.75684116E+00  2.06545557E+01  9.99265202E-01  2.15953352E+00  0.00000000E+00  5.19000422E-01
   3.56778854E-01  8.03002950E+00  4.75650397E+00  2.06538506E+01  9.99262083E-01  2.15606626E+00  0.00000000E+00  5.23621839E-01
   3.57061221E-01  8.02983819E+00  4.75973953E+00  2.06573015E+01  9.99269212E-01  2.17210744E+00  0.00000000E+00  5.28250709E-01
   3.57352663E-01  8.02886792E+00  4.76981193E+00  2.06688230E+01  9.99294676E-01  2.22503853E+00  0.00000000E+00  5.32904268E-01
   3.57655469E-01  8.02794766E+00  4.78242753E+00  2.06836364E+01  9.99324081E-01  2.29019743E+00  0.00000000E+00  5.37465722E-01
   3.57953143E-01  8.02766227E+00  4.79195337E+00  2.06950369E+01  9.99343322E-01  2.33713549E+00  0.00000000E+00  5.41767198E-01
   3.58238701E-01  8.02733302E+00  4.80006960E+00  2.07046863E+01  9.99359696E-01  2.37778570E+00  0.00000000E+00  5.45882627E-01
   3.58519192E-01  8.02705133E+00  4.80704712E+00  2.07129609E+01  9.99373408E-01  2.41303553E+00  0.00000000E+00  5.49876226E-01
   3.58793357E-01  8.02690848E+00  4.81244219E+00  2.07193424E+01  9.99383360E-01  2.43997461E+00  0.00000000E+00  5.53728891E-01
   3.59062615E-01  8.02689684E+00  4.81626594E+00  2.07238242E+01  9.99389756E-01  2.45853127E+00  0.00000000E+00  5.57480238E-01
   3.59327714E-01  8.02698234E+00  4.81872270E+00  2.07266357E+01  9.99393216E-01  2.46982330E+00  0.00000000E+00  5.61155690E-01
   3.59590154E-01  8.02715553E+00  4.82006292E+00  2.07280830E+01  9.99394270E-01  2.47507397E+00  0.00000000E+00  5.64782896E-01
   3.59851076E-01  8.02738247E+00  4.82058520E+00  2.07285222E+01  9.99393616E-01  2.47595846E+00  0.00000000E+00  5.68384924E-01
   3.60111663E-01  8.02763701E+00  4.82058131E+00  2.07283074E+01  9.99391892E-01  2.47408286E+00  0.00000000E+00  5.71979814E-01
   3.60372830E-01  8.02790344E+00  4.82027836E+00  2.07277175E+01  9.99389569E-01  2.47066846E+00  0.00000000E+00  5.75578742E-01
   3.60635299E-01  8.02817419E+00  4.81982957E+00  2.07269428E+01  9.99386952E-01  2.46651792E+00  0.00000000E+00  5.79189185E-01
   3.60899423E-01  8.02845084E+00  4.81929234E+00  2.07260569E+01  9.99384133E-01  2.46190019E+00  0.00000000E+00  5.82813654E-01
   3.61165430E-01  8.02872603E+00  4.81874881E+00  2.07251601E+01  9.99381294E-01  2.45726804E+00  0.00000000E+00  5.86454331E-01
   3.61433529E-01  8.02899332E+00  4.81822818E+00  2.07242855E+01  9.99378519E-01  2.45280934E+00  0.00000000E+00  5.90112255E-01
   3.61703772E-01  8.02926943E+00  4.81773370E+00  2.07234475E+01  9.99375733E-01  2.44841817E+00  0.00000000E+00  5.93784807E-01
   3.61976175E-01  8.02955059E+00  4.81724648E+00  2.07226196E+01  9.99372920E-01  2.44403045E+00  0.00000000E+00  5.97473983E-01
   3.62250610E-01  8.02983712E+00  4.81675039E+00  2.07217815E+01  9.99370049E-01  2.43956613E+00  0.00000000E+00  6.01178275E-01
   3.62527030E-01  8.03012830E+00  4.81624129E+00  2.07209277E+01  9.99367114E-01  2.43501076E+00  0.00000000E+00  6.04897154E-01
   3.62805497E-01  8.03042449E+00  4.81571431E+00  2.07200520E+01  9.99364104E-01  2.43033868E+00  0.00000000E+00  6.08631204E-01
   3.63085991E-01  8.03072617E+00  4.81516339E+00  2.07191472E+01  9.99361005E-01  2.42551782E+00  0.00000000E+00  6.12379914E-01
   3.63368431E-01  8.03101941E+00  4.81469808E+00  2.07183444E+01  9.99358091E-01  2.42117429E+00  0.00000000E+00  6.16141975E-01
   3.63653077E-01  8.03131325E+00  4.81420741E+00  2.07175076E+01  9.99355110E-01  2.41670985E+00  0.00000000E+00  6.19918330E-01
   3.63939551E-01  8.03161726E+00  4.81374540E+00  2.07167121E+01  9.99352116E-01  2.41231480E+00  0.00000000E+00  6.23702167E-01
   3.64228249E-01  8.03192819E+00  4.81327725E+00  2.07159108E+01  9.99349058E-01  2.40784582E+00  0.00000000E+00  6.27500938E-01
   3.64518894E-01  8.03224425E+00  4.81279748E+00  2.07150960E+01  9.99345935E-01  2.40328991E+00  0.00000000E+00  6.31311383E-01
   3.64811511E-01  8.03220447E+00  4.81501049E+00  2.07174900E+01  9.99349768E-01  2.41415386E+00  0.00000000E+00  6.35133622E-01
   3.65111810E-01  8.03156936E+00  4.82263778E+00  2.07264285E+01  9.99366730E-01  2.45544813E+00  0.00000000E+00  6.38979112E-01
   3.65422052E-01  8.03100019E+00  4.83179299E+00  2.07373936E+01  9.99385747E-01  2.50417908E+00  0.00000000E+00  6.42787093E-01
   3.65728623E-01  8.03099681E+00  4.83744266E+00  2.07442485E+01  9.99395385E-01  2.53197661E+00  0.00000000E+00  6.46439511E-01
   3.66025611E-01  8.03117572E+00  4.84030912E+00  2.07476621E+01  9.99399129E-01  2.54481273E+00  0.00000000E+00  6.49977170E-01
   3.66318137E-01  8.03140024E+00  4.84169682E+00  2.07492115E+01  9.99400030E-01  2.55001649E+00  0.00000000E+00  6.53468111E-01
   3.66608519E-01  8.03170937E+00  4.84194335E+00  2.07493485E+01  9.99398509E-01  2.54894064E+00  0.00000000E+00  6.56928576E-01
   3.66898344E-01  8.03204553E+00  4.84157543E+00  2.07487127E+01  9.99395760E-01  2.54462276E+00  0.00000000E+00  6.60382087E-01
   3.67189132E-01  8.03238325E+00  4.84096795E+00  2.07477692E+01  9.99392559E-01  2.53911385E+00  0.00000000E+00  6.63843359E-01
   3.67481792E-01  8.03269765E+00  4.84042801E+00  2.07468970E+01  9.99389573E-01  2.53411848E+00  0.00000000E+00  6.67318499E-01
   3.67777036E-01  8.03302831E+00  4.83987197E+00  2.07460115E+01  9.99386461E-01  2.52892958E+00  0.00000000E+00  6.70809061E-01
   3.68074613E-01  8.03336743E+00  4.83928466E+00  2.07450889E+01  9.99383233E-01  2.52353101E+00  0.00000000E+00  6.74314703E-01
   3.68374614E-01  8.03371271E+00  4.83867187E+00  2.07441352E+01  9.99379908E-01  2.51796892E+00  0.00000000E+00  6.77836643E-01
   3.68677014E-01  8.03406363E+00  4.83803988E+00  2.07431581E+01  9.99376500E-01  2.51227877E+00  0.00000000E+00  6.81374184E-01
   3.68981898E-01  8.03439624E+00  4.83751207E+00  2.07423017E+01  9.99373352E-01  2.50724200E+00  0.00000000E+00  6.84927772E-01
   3.69289523E-01  8.03474758E+00  4.83700026E+00  2.07414748E+01  9.99370123E-01  2.50215233E+00  0.00000000E+00  6.88495187E-01
   3.69599688E-01  8.03510807E+00  4.83647020E+00  2.07406278E+01  9.99366795E-01  2.49691285E+00  0.00000000E+00  6.92077761E-01
   3.69912317E-01  8.03547554E+00  4.83591830E+00  2.07397550E+01  9.99363370E-01  2.49152246E+00  0.00000000E+00  6.95674985E-01
   3.70227437E-01  8.03571135E+00  4.83641405E+00  2.07401441E+01  9.99362557E-01  2.49221611E+00  0.00000000E+00  6.99286835E-01
   3.70547426E-01  8.03490063E+00  4.84532107E+00  2.07507083E+01  9.99382504E-01  2.54196639E+00  0.00000000E+00  7.02918785E-01
   3.70887969E-01  8.03418502E+00  4.85635900E+00  2.07641117E+01  9.99405203E-01  2.60229716E+00  0.00000000E+00  7.06585230E-01
   3.71220792E-01  8.03431413E+00  4.86164364E+00  2.07706383E+01  9.99413378E-01  2.62792021E+00  0.00000000E+00  7.10041983E-01
   3.71541704E-01  8.03458234E+00  4.86379907E+00  2.07732201E+01  9.99415413E-01  2.63677979E+00  0.00000000E+00  7.13390417E-01
   3.71859273E-01  8.03499458E+00  4.86384571E+00  2.07731620E+01  9.99413110E-01  2.63388851E+00  0.00000000E+00  7.16708786E-01
   3.72174178E-01  8.03538438E+00  4.86335410E+00  2.07723972E+01  9.99409961E-01  2.62845077E+00  0.00000000E+00  7.20008324E-01
   3.72491652E-01  8.03576097E+00  4.86276431E+00  2.07714954E+01  9.99406680E-01  2.62262484E+00  0.00000000E+00  7.23329070E-01
   3.72811299E-01  8.03615045E+00  4.86212394E+00  2.07705342E+01  9.99403229E-01  2.61645497E+00  0.00000000E+00  7.26659949E-01
   3.73134013E-01  8.03655468E+00  4.86139147E+00  2.07694601E+01  9.99399520E-01  2.60971984E+00  0.00000000E+00  7.30011074E-01
   3.73459370E-01  8.03696188E+00  4.86064700E+00  2.07683703E+01  9.99395749E-01  2.60291297E+00  0.00000000E+00  7.33378285E-01
   3.73787903E-01  8.03734551E+00  4.86007473E+00  2.07674867E+01  9.99392375E-01  2.59715709E+00  0.00000000E+00  7.36765597E-01
   3.74119858E-01  8.03775562E+00  4.85949897E+00  2.07666116E+01  9.99388845E-01  2.59119298E+00  0.00000000E+00  7.40169778E-01
   3.74454862E-01  8.03817602E+00  4.85890241E+00  2.07657134E+01  9.99385204E-01  2.58505625E+00  0.00000000E+00  7.43591588E-01
   3.74792952E-01  8.03757904E+00  4.86671909E+00  2.07750924E+01  9.99401638E-01  2.62881931E+00  0.00000000E+00  7.47031409E-01
   3.75148684E-01  8.03665514E+00  4.87917857E+00  2.07903399E+01  9.99427177E-01  2.69930607E+00  0.00000000E+00  7.50496664E-01
   3.75500703E-01  8.03679161E+00  4.88479215E+00  2.07973586E+01  9.99435651E-01  2.72715560E+00  0.00000000E+00  7.53766342E-01
   3.75847854E-01  8.03715734E+00  4.88653567E+00  2.07994808E+01  9.99436507E-01  2.73333189E+00  0.00000000E+00  7.57001629E-01
   3.76187249E-01  8.03767544E+00  4.88589598E+00  2.07985933E+01  9.99432653E-01  2.72600957E+00  0.00000000E+00  7.60173783E-01
   3.76527154E-01  8.03809283E+00  4.88532556E+00  2.07977377E+01  9.99429345E-01  2.71983540E+00  0.00000000E+00  7.63362475E-01
   3.76870814E-01  8.03854079E+00  4.88462787E+00  2.07967312E+01  9.99425656E-01  2.71277838E+00  0.00000000E+00  7.66572617E-01
   3.77217453E-01  8.03901721E+00  4.88368886E+00  2.07954249E+01  9.99421392E-01  2.70427302E+00  0.00000000E+00  7.69800071E-01
   3.77567406E-01  8.03947053E+00  4.88295081E+00  2.07943645E+01  9.99417551E-01  2.69699269E+00  0.00000000E+00  7.73048959E-01
   3.77921789E-01  8.03991888E+00  4.88232522E+00  2.07934443E+01  9.99413900E-01  2.69033855E+00  0.00000000E+00  7.76324294E-01
   3.78279951E-01  8.04030057E+00  4.88246108E+00  2.07934732E+01  9.99411876E-01  2.68810238E+00  0.00000000E+00  7.79617546E-01
   3.78639194E-01  8.03931390E+00  4.89405247E+00  2.08076480E+01  9.99435911E-01  2.75553458E+00  0.00000000E+00  7.82896289E-01
   3.78997098E-01  8.03872938E+00  4.90513189E+00  2.08214635E+01  9.99456507E-01  2.81811289E+00  0.00000000E+00  7.85978850E-01
   3.79351609E-01  8.03912206E+00  4.90847962E+00  2.08257359E+01  9.99459877E-01  2.83267391E+00  0.00000000E+00  7.88946959E-01
   3.79710221E-01  8.03968492E+00  4.90830707E+00  2.08254831E+01  9.99456754E-01  2.82730150E+00  0.00000000E+00  7.91980531E-01
   3.80067908E-01  8.04020160E+00  4.90749443E+00  2.08243656E+01  9.99452756E-01  2.81892567E+00  0.00000000E+00  7.95023527E-01
   3.80427272E-01  8.04068300E+00  4.90676890E+00  2.08233417E+01  9.99449027E-01  2.81130178E+00  0.00000000E+00  7.98076681E-01
   3.80788363E-01  8.04122200E+00  4.90564388E+00  2.08218266E+01  9.99444350E-01  2.80113858E+00  0.00000000E+00  8.01131472E-01
   3.81151214E-01  8.04089598E+00  4.91196255E+00  2.08295845E+01  9.99455824E-01  2.83702168E+00  0.00000000E+00  8.04193742E-01
   3.81514335E-01  8.04027254E+00  4.92206592E+00  2.08421982E+01  9.99474428E-01  2.89528013E+00  0.00000000E+00  8.07158106E-01
   3.81875874E-01  8.04071090E+00  4.92484773E+00  2.08457809E+01  9.99476637E-01  2.90658202E+00  0.00000000E+00  8.10001770E-01
   3.82236751E-01  8.04133612E+00  4.92411893E+00  2.08448375E+01  9.99472470E-01  2.89771218E+00  0.00000000E+00  8.12865456E-01
   3.82598918E-01  8.04183367E+00  4.92350874E+00  2.08439791E+01  9.99468998E-01  2.89050752E+00  0.00000000E+00  8.15756294E-01
   3.82962914E-01  8.04238992E+00  4.92247701E+00  2.08425969E+01  9.99464570E-01  2.88061774E+00  0.00000000E+00  8.18650370E-01
   3.83328806E-01  8.04285423E+00  4.92219350E+00  2.08421489E+01  9.99461720E-01  2.87543409E+00  0.00000000E+00  8.21553134E-01
   3.83696707E-01  8.04203207E+00  4.93306221E+00  2.08557100E+01  9.99482204E-01  2.93992831E+00  0.00000000E+00  8.24453530E-01
   3.84064446E-01  8.04196028E+00  4.94014916E+00  2.08647307E+01  9.99493184E-01  2.97876589E+00  0.00000000E+00  8.27210551E-01
   3.84431180E-01  8.04265783E+00  4.94018232E+00  2.08648374E+01  9.99490042E-01  2.97327432E+00  0.00000000E+00  8.29929245E-01
   3.84798849E-01  8.04320456E+00  4.93968908E+00  2.08641636E+01  9.99486672E-01  2.96616669E+00  0.00000000E+00  8.32689889E-01
   3.85168437E-01  8.04379740E+00  4.93864748E+00  2.08627881E+01  9.99482224E-01  2.95573946E+00  0.00000000E+00  8.35460107E-01
   3.85540054E-01  8.04419697E+00  4.93925969E+00  2.08634953E+01  9.99481161E-01  2.95580882E+00  0.00000000E+00  8.38240797E-01
   3.85913739E-01  8.04335990E+00  4.95085434E+00  2.08781004E+01  9.99502172E-01  3.02570628E+00  0.00000000E+00  8.41011744E-01
   3.86287639E-01  8.04350143E+00  4.95661113E+00  2.08855217E+01  9.99509968E-01  3.05622896E+00  0.00000000E+00  8.43651059E-01
   3.86661342E-01  8.04427437E+00  4.95587305E+00  2.08846447E+01  9.99505470E-01  3.04575852E+00  0.00000000E+00  8.46279024E-01
   3.87036601E-01  8.04483871E+00  4.95532066E+00  2.08839019E+01  9.99502042E-01  3.03805564E+00  0.00000000E+00  8.48949578E-01
   3.87414234E-01  8.04548144E+00  4.95414192E+00  2.08823674E+01  9.99497312E-01  3.02628371E+00  0.00000000E+00  8.51627605E-01
   3.87794267E-01  8.04498880E+00  4.96315739E+00  2.08937915E+01  9.99512579E-01  3.08013634E+00  0.00000000E+00  8.54318303E-01
   3.88175585E-01  8.04467600E+00  4.97208268E+00  2.09052344E+01  9.99526620E-01  3.13264395E+00  0.00000000E+00  8.56917870E-01
   3.88557455E-01  8.04512023E+00  4.97530189E+00  2.09094708E+01  9.99529293E-01  3.14702129E+00  0.00000000E+00  8.59457834E-01
   3.88940389E-01  8.04545009E+00  4.97800462E+00  2.09129595E+01  9.99531639E-01  3.15949361E+00  0.00000000E+00  8.62014624E-01
   3.89325148E-01  8.04625983E+00  4.97646247E+00  2.09110186E+01  9.99526019E-01  3.14392642E+00  0.00000000E+00  8.64564364E-01
   3.89712499E-01  8.04685971E+00  4.97585795E+00  2.09102209E+01  9.99522517E-01  3.13545453E+00  0.00000000E+00  8.67148664E-01
   3.90102612E-01  8.04749196E+00  4.97524014E+00  2.09094215E+01  9.99518843E-01  3.12665149E+00  0.00000000E+00  8.69737717E-01
   3.90495653E-01  8.04658088E+00  4.98854537E+00  2.09264645E+01  9.99541226E-01  3.20980413E+00  0.00000000E+00  8.72335646E-01
   3.90890852E-01  8.04689650E+00  4.99400614E+00  2.09336646E+01  9.99547455E-01  3.23841991E+00  0.00000000E+00  8.74817243E-01
   3.91287760E-01  8.04713976E+00  4.99853461E+00  2.09395839E+01  9.99552580E-01  3.26244515E+00  0.00000000E+00  8.77311546E-01
   3.91687044E-01  8.04805911E+00  4.99696075E+00  2.09376390E+01  9.99546750E-01  3.24539326E+00  0.00000000E+00  8.79797439E-01
   3.92089306E-01  8.04873333E+00  4.99628978E+00  2.09367820E+01  9.99543026E-01  3.23570641E+00  0.00000000E+00  8.82326637E-01
   3.92494814E-01  8.04913253E+00  4.99865577E+00  2.09398658E+01  9.99544588E-01  3.24588255E+00  0.00000000E+00  8.84863733E-01
   3.92903704E-01  8.04831914E+00  5.01224891E+00  2.09574775E+01  9.99565951E-01  3.33206036E+00  0.00000000E+00  8.87392075E-01
   3.93315986E-01  8.04873259E+00  5.01754329E+00  2.09645468E+01  9.99571329E-01  3.35957820E+00  0.00000000E+00  8.89825365E-01
   3.93723603E-01  8.04948387E+00  5.01808309E+00  2.09653617E+01  9.99569162E-01  3.35611317E+00  0.00000000E+00  8.92235817E-01
   3.94136835E-01  8.05033963E+00  5.01681478E+00  2.09637799E+01  9.99564168E-01  3.34108076E+00  0.00000000E+00  8.94688591E-01
   3.94553523E-01  8.05085324E+00  5.01854189E+00  2.09660746E+01  9.99564409E-01  3.34671073E+00  0.00000000E+00  8.97164200E-01
   3.94974542E-01  8.05002817E+00  5.03305296E+00  2.09850468E+01  9.99586185E-01  3.43994052E+00  0.00000000E+00  8.99638347E-01
   3.95401106E-01  8.05049189E+00  5.03866577E+00  2.09926173E+01  9.99591596E-01  3.46927789E+00  0.00000000E+00  9.02030303E-01
   3.95833060E-01  8.05152676E+00  5.03739125E+00  2.09910898E+01  9.99586232E-01  3.45238755E+00  0.00000000E+00  9.04456991E-01
   3.96268990E-01  8.05242915E+00  5.03610676E+00  2.09894830E+01  9.99581232E-01  3.43668570E+00  0.00000000E+00  9.06926497E-01
   3.96700356E-01  8.05204764E+00  5.04762907E+00  2.10046970E+01  9.99597066E-01  3.50915399E+00  0.00000000E+00  9.09362902E-01
   3.97141285E-01  8.05232848E+00  5.05429439E+00  2.10136377E+01  9.99604254E-01  3.54704869E+00  0.00000000E+00  9.11770337E-01
   3.97589366E-01  8.05294538E+00  5.05783448E+00  2.10184744E+01  9.99606407E-01  3.56301472E+00  0.00000000E+00  9.14188732E-01
   3.98044069E-01  8.05363159E+00  5.06064798E+00  2.10223490E+01  9.99607430E-01  3.57394226E+00  0.00000000E+00  9.16631716E-01
   3.98505144E-01  8.05383503E+00  5.06765718E+00  2.10317426E+01  9.99615109E-01  3.61524155E+00  0.00000000E+00  9.19095821E-01
   3.98964189E-01  8.05444722E+00  5.07209479E+00  2.10378186E+01  9.99618310E-01  3.63707316E+00  0.00000000E+00  9.21497106E-01
   3.99435184E-01  8.05469595E+00  5.07982429E+00  2.10482481E+01  9.99626513E-01  3.68304389E+00  0.00000000E+00  9.23946571E-01
   3.99916091E-01  8.05573601E+00  5.08092966E+00  2.10499446E+01  9.99624388E-01  3.68018919E+00  0.00000000E+00  9.26401545E-01
   4.00394810E-01  8.05627081E+00  5.08594324E+00  2.10567844E+01  9.99628431E-01  3.70669522E+00  0.00000000E+00  9.28850758E-01
   4.00886423E-01  8.05642187E+00  5.09584416E+00  2.10701890E+01  9.99639223E-01  3.76814931E+00  0.00000000E+00  9.31326605E-01
   4.01392042E-01  8.05707851E+00  5.10244112E+00  2.10792835E+01  9.99644556E-01  3.80415916E+00  0.00000000E+00  9.33815547E-01
   4.01899974E-01  8.05773144E+00  5.10871418E+00  2.10879407E+01  9.99649470E-01  3.83836899E+00  0.00000000E+00  9.36297323E-01
   4.02427003E-01  8.05811768E+00  5.11825226E+00  2.11010076E+01  9.99658647E-01  3.89680099E+00  0.00000000E+00  9.38843133E-01
   4.02958932E-01  8.05908748E+00  5.12301914E+00  2.11077325E+01  9.99660877E-01  3.91857515E+00  0.00000000E+00  9.41362798E-01
   4.03514187E-01  8.05968516E+00  5.13191254E+00  2.11200237E+01  9.99668520E-01  3.97152662E+00  0.00000000E+00  9.43979122E-01
   4.04074900E-01  8.06046241E+00  5.13981540E+00  2.11310359E+01  9.99674498E-01  4.01655310E+00  0.00000000E+00  9.46573596E-01
   4.04668116E-01  8.06139936E+00  5.14757182E+00  2.11419228E+01  9.99679805E-01  4.05902795E+00  0.00000000E+00  9.49279751E-01
   4.05271701E-01  8.06188899E+00  5.16095407E+00  2.11605227E+01  9.99691842E-01  4.14442780E+00  0.00000000E+00  9.51995533E-01
   4.05902685E-01  8.06317787E+00  5.16795483E+00  2.11705248E+01  9.99695262E-01  4.17909635E+00  0.00000000E+00  9.54769137E-01
   4.06559337E-01  8.06386363E+00  5.18230111E+00  2.11906103E+01  9.99707191E-01  4.27144217E+00  0.00000000E+00  9.57629258E-01
   4.07281857E-01  8.06524898E+00  5.19322358E+00  2.12061679E+01  9.99713867E-01  4.33375820E+00  0.00000000E+00  9.60696165E-01
   4.08053338E-01  8.06670448E+00  5.20583241E+00  2.12241386E+01  9.99721760E-01  4.40822726E+00  0.00000000E+00  9.63921277E-01
   4.08891153E-01  8.06843052E+00  5.22000970E+00  2.12444413E+01  9.99730213E-01  4.49228669E+00  0.00000000E+00  9.67342505E-01
   4.09783348E-01  8.07022980E+00  5.23749514E+00  2.12694940E+01  9.99741080E-01  4.60151159E+00  0.00000000E+00  9.70896202E-01
   4.10837100E-01  8.07293713E+00  5.25533281E+00  2.12953795E+01  9.99749903E-01  4.70526025E+00  0.00000000E+00  9.74957832E-01
   4.12140054E-01  8.07656928E+00  5.27941236E+00  2.13305413E+01  9.99761507E-01  4.84668315E+00  0.00000000E+00  9.79796197E-01
   4.13768747E-01  8.08175602E+00  5.31191794E+00  2.13783593E+01  9.99775919E-01  5.03969099E+00  0.00000000E+00  9.85483043E-01
