   1.00000000E-06  6.02203481E-01  3.62334201E+00
   2.25000000E-06  5.99752955E-01  3.62334512E+00
   3.81250000E-06  5.96724024E-01  3.62334975E+00
   5.76562500E-06  5.92977001E-01  3.62335625E+00
   8.20703125E-06  5.88369913E-01  3.62336591E+00
   1.12587891E-05  5.82727873E-01  3.62338023E+00
   1.50734863E-05  5.75847773E-01  3.62340130E+00
   1.98418579E-05  5.67581062E-01  3.62343334E+00
   2.58023224E-05  5.57445663E-01  3.62343397E+00
   3.32529030E-05  5.45276086E-01  3.62343360E+00
   4.25661287E-05  5.30903735E-01  3.62345182E+00
   5.42076609E-05  5.14021758E-01  3.62349145E+00
   6.87595761E-05  4.94430988E-01  3.62356731E+00
   8.69494702E-05  4.73461849E-01  3.62409521E+00
   1.09686838E-04  4.50664097E-01  3.62503275E+00
   1.38108547E-04  4.24939705E-01  3.62615345E+00
   1.73635684E-04  3.93988691E-01  3.62687301E+00
   2.18044605E-04  3.54646977E-01  3.62629377E+00
   2.73555756E-04  3.11617257E-01  3.62554971E+00
   3.42944695E-04  2.64774427E-01  3.62453588E+00
   4.29680869E-04  2.14683860E-01  3.62332859E+00
   5.38101086E-04  1.61784170E-01  3.62196094E+00
   6.73626358E-04  1.05467064E-01  3.62018558E+00
   8.43032947E-04  4.62609042E-02  3.61804760E+00
   1.05479118E-03 -1.51597790E-02  3.61564102E+00
   1.31948898E-03 -7.86121775E-02  3.61294468E+00
   1.65036123E-03 -1.43882772E-01  3.60995244E+00
   2.06395153E-03 -2.10580813E-01  3.60671621E+00
   2.58093941E-03 -2.78476662E-01  3.60324378E+00
   3.22530697E-03 -3.47277026E-01  3.59954267E+00
   4.01686810E-03 -4.16075354E-01  3.59565576E+00
   5.00500173E-03 -4.85695327E-01  3.59153741E+00
   6.24016877E-03 -5.55410996E-01  3.58730161E+00
   7.78412756E-03 -6.24337649E-01  3.58309684E+00
   9.71407606E-03 -6.91237418E-01  3.57912348E+00
   1.21265117E-02 -7.54052398E-01  3.57582901E+00
   1.51420562E-02 -8.10667620E-01  3.57367619E+00
   1.89114869E-02 -8.58602949E-01  3.57321663E+00
   2.36232752E-02 -8.93564004E-01  3.57546250E+00
   2.95130106E-02 -9.11216578E-01  3.58140994E+00
   3.65429060E-02 -9.05738166E-01  3.59208320E+00
   4.42620992E-02 -8.78003335E-01  3.60677854E+00
   5.26723526E-02 -8.35273256E-01  3.62405420E+00
   6.21267513E-02 -7.89305984E-01  3.64200565E+00
   6.96902702E-02 -7.65494424E-01  3.65308628E+00
   7.57410854E-02 -7.66033157E-01  3.65732071E+00
   8.05817375E-02 -7.80002459E-01  3.65735442E+00
   8.45705405E-02 -7.97495592E-01  3.65568132E+00
   8.95565444E-02 -8.20562336E-01  3.65254338E+00
   9.57890491E-02 -8.41950239E-01  3.64916177E+00
   1.03579680E-01 -8.55594542E-01  3.64673038E+00
   1.13317969E-01 -8.61021457E-01  3.64554271E+00
   1.25490830E-01 -8.62064320E-01  3.64505859E+00
   1.40706906E-01 -8.61707303E-01  3.64481049E+00
   1.59727001E-01 -8.61492301E-01  3.64451745E+00
   1.83502120E-01 -8.61499172E-01  3.64416188E+00
   2.13221018E-01 -8.61469264E-01  3.64380997E+00
   2.50369642E-01 -8.61394646E-01  3.64347828E+00
   2.96805421E-01 -8.61190600E-01  3.64319522E+00
   3.54850145E-01 -8.60865853E-01  3.64295973E+00
   4.27406049E-01 -8.60365699E-01  3.64277968E+00
   5.18100931E-01 -8.59660084E-01  3.64265663E+00
   6.31469532E-01 -8.58725703E-01  3.64259046E+00
   7.73180284E-01 -8.57542628E-01  3.64257973E+00
   9.50318723E-01 -8.56056532E-01  3.64263203E+00
   1.17174177E+00 -8.54217433E-01  3.64275178E+00
   1.44852058E+00 -8.51953681E-01  3.64294757E+00
   1.79449410E+00 -8.49173528E-01  3.64323022E+00
   2.22696099E+00 -8.45742139E-01  3.64361095E+00
   2.76754461E+00 -8.41556182E-01  3.64411820E+00
   3.44327413E+00 -8.36337578E-01  3.64477487E+00
   4.28793603E+00 -8.29884165E-01  3.64561154E+00
   5.23924371E+00 -8.22500310E-01  3.64662497E+00
   6.19068202E+00 -8.14813593E-01  3.64773970E+00
   7.14330948E+00 -8.07025383E-01  3.64889259E+00
   8.09616125E+00 -7.99093569E-01  3.65008316E+00
   9.04875513E+00 -7.90953814E-01  3.65130774E+00
   1.00011154E+01 -7.82734683E-01  3.65254108E+00
   1.09533847E+01 -7.74309025E-01  3.65381422E+00
   1.19055591E+01 -7.65776747E-01  3.65510221E+00
   1.28578694E+01 -7.57011873E-01  3.65640896E+00
   1.38105024E+01 -7.48125464E-01  3.65773536E+00
   1.47637553E+01 -7.39036368E-01  3.65908578E+00
   1.57178528E+01 -7.29641839E-01  3.66046534E+00
   1.66731573E+01 -7.20122266E-01  3.66186089E+00
   1.76299955E+01 -7.10301708E-01  3.66327794E+00
   1.85886537E+01 -7.00311212E-01  3.66470533E+00
   1.95495072E+01 -6.90046018E-01  3.66616258E+00
   2.05128414E+01 -6.79370478E-01  3.66764709E+00
   2.14791097E+01 -6.68451934E-01  3.66915662E+00
   2.24487191E+01 -6.57292900E-01  3.67068828E+00
   2.34217943E+01 -6.45650698E-01  3.67225356E+00
   2.43986882E+01 -6.33657717E-01  3.67385163E+00
   2.53800053E+01 -6.21354873E-01  3.67542050E+00
   2.63660951E+01 -6.08616652E-01  3.67702224E+00
   2.73578696E+01 -5.95409595E-01  3.67865451E+00
   2.83564433E+01 -5.81682852E-01  3.68031772E+00
   2.93638698E+01 -5.67449597E-01  3.68196890E+00
   3.03834940E+01 -5.52544467E-01  3.68365223E+00
   3.14213622E+01 -5.36902423E-01  3.68534094E+00
   3.24868491E+01 -5.20254445E-01  3.68706181E+00
   3.35960961E+01 -5.02362479E-01  3.68878763E+00
   3.47725845E+01 -4.82667179E-01  3.69057688E+00
   3.60040336E+01 -4.60974269E-01  3.69241344E+00
   3.71077996E+01 -4.39243222E-01  3.69426021E+00
   3.81057741E+01 -4.18490501E-01  3.69599933E+00
   3.89506563E+01 -3.99160914E-01  3.69763785E+00
   3.96318289E+01 -3.82438044E-01  3.69903549E+00
   4.01439907E+01 -3.68781490E-01  3.70020463E+00
   4.05175447E+01 -3.58208041E-01  3.70115139E+00
   4.07940735E+01 -3.50029579E-01  3.70188088E+00
   4.10104892E+01 -3.43457054E-01  3.70242505E+00
   4.11915039E+01 -3.37862265E-01  3.70283104E+00
   4.13513170E+01 -3.32849079E-01  3.70314315E+00
   4.14974871E+01 -3.28198400E-01  3.70339353E+00
   4.16253971E+01 -3.24041558E-01  3.70361406E+00
   4.17446861E+01 -3.20121040E-01  3.70379820E+00
   4.18529979E+01 -3.16492151E-01  3.70394403E+00
   4.19566656E+01 -3.13021454E-01  3.70406070E+00
   4.20527816E+01 -3.09765757E-01  3.70416270E+00
   4.21448120E+01 -3.06616170E-01  3.70425066E+00
   4.22335272E+01 -3.03551124E-01  3.70432432E+00
   4.23190223E+01 -3.00555555E-01  3.70438539E+00
   4.24030213E+01 -2.97600981E-01  3.70443808E+00
   4.24817234E+01 -2.94787645E-01  3.70448802E+00
   4.25593671E+01 -2.91993014E-01  3.70452783E+00
   4.26353159E+01 -2.89234120E-01  3.70455886E+00
   4.27092887E+01 -2.86516941E-01  3.70458367E+00
   4.27814218E+01 -2.83839231E-01  3.70460280E+00
   4.28520445E+01 -2.81192765E-01  3.70461564E+00
   4.29213023E+01 -2.78572985E-01  3.70462208E+00
   4.29891982E+01 -2.75979011E-01  3.70462257E+00
   4.30557375E+01 -2.73411159E-01  3.70461743E+00
   4.31212848E+01 -2.70857996E-01  3.70460592E+00
   4.31863253E+01 -2.68302529E-01  3.70458693E+00
   4.32509569E+01 -2.65739069E-01  3.70456067E+00
   4.33151225E+01 -2.63167637E-01  3.70452773E+00
   4.33786821E+01 -2.60593513E-01  3.70448868E+00
   4.34416083E+01 -2.58016970E-01  3.70444395E+00
   4.35039402E+01 -2.55438332E-01  3.70439273E+00
   4.35656608E+01 -2.52858674E-01  3.70433460E+00
   4.36266227E+01 -2.50283084E-01  3.70426992E+00
   4.36867791E+01 -2.47713908E-01  3.70419863E+00
   4.37461659E+01 -2.45150852E-01  3.70412027E+00
   4.38046698E+01 -2.42598331E-01  3.70403509E+00
   4.38623339E+01 -2.40055318E-01  3.70394273E+00
   4.39191911E+01 -2.37520941E-01  3.70384290E+00
   4.39752416E+01 -2.34995489E-01  3.70373548E+00
   4.40304816E+01 -2.32474453E-01  3.70361427E+00
   4.40858500E+01 -2.29934797E-01  3.70348282E+00
   4.41383720E+01 -2.27484548E-01  3.70335490E+00
   4.41903994E+01 -2.25038009E-01  3.70321587E+00
   4.42421153E+01 -2.22585773E-01  3.70306405E+00
   4.42929849E+01 -2.20143150E-01  3.70290440E+00
   4.43428868E+01 -2.17713570E-01  3.70273934E+00
   4.43919735E+01 -2.15297496E-01  3.70256649E+00
   4.44398894E+01 -2.12912477E-01  3.70238747E+00
   4.44872748E+01 -2.10527111E-01  3.70219923E+00
   4.45336752E+01 -2.08163330E-01  3.70200401E+00
   4.45793651E+01 -2.05809784E-01  3.70179989E+00
   4.46242365E+01 -2.03468051E-01  3.70158876E+00
   4.46683195E+01 -2.01141032E-01  3.70136974E+00
   4.47109622E+01 -1.98857400E-01  3.70114854E+00
   4.47533955E+01 -1.96557344E-01  3.70091080E+00
   4.47957022E+01 -1.94254946E-01  3.70065468E+00
   4.48357295E+01 -1.92035754E-01  3.70040718E+00
   4.48754296E+01 -1.89815252E-01  3.70014616E+00
   4.49145784E+01 -1.87598250E-01  3.69987425E+00
   4.49529651E+01 -1.85393355E-01  3.69959484E+00
   4.49905447E+01 -1.83205250E-01  3.69930889E+00
   4.50273996E+01 -1.81028493E-01  3.69901642E+00
   4.50635047E+01 -1.78870060E-01  3.69871622E+00
   4.50988135E+01 -1.76724991E-01  3.69841121E+00
   4.51334705E+01 -1.74591905E-01  3.69809829E+00
   4.51674161E+01 -1.72471119E-01  3.69777914E+00
   4.52006561E+01 -1.70362820E-01  3.69745381E+00
   4.52331588E+01 -1.68270299E-01  3.69712294E+00
   4.52650244E+01 -1.66185084E-01  3.69678624E+00
   4.52962187E+01 -1.64113843E-01  3.69644322E+00
   4.53267526E+01 -1.62048599E-01  3.69609611E+00
   4.53566543E+01 -1.59986389E-01  3.69574020E+00
   4.53864651E+01 -1.57905181E-01  3.69537566E+00
   4.54146344E+01 -1.55897379E-01  3.69502278E+00
   4.54425309E+01 -1.53869795E-01  3.69465501E+00
   4.54706426E+01 -1.51807771E-01  3.69426745E+00
   4.54970027E+01 -1.49820548E-01  3.69389534E+00
   4.55236387E+01 -1.47798486E-01  3.69349225E+00
   4.55493303E+01 -1.45816039E-01  3.69309456E+00
   4.55740718E+01 -1.43859553E-01  3.69269035E+00
   4.55992294E+01 -1.41849585E-01  3.69225977E+00
   4.56231257E+01 -1.39896967E-01  3.69184608E+00
   4.56463309E+01 -1.37945918E-01  3.69143246E+00
   4.56698609E+01 -1.35938247E-01  3.69099754E+00
   4.56923130E+01 -1.33974439E-01  3.69057922E+00
   4.57140518E+01 -1.32020295E-01  3.69016294E+00
   4.57360753E+01 -1.29996329E-01  3.68972991E+00
   4.57571307E+01 -1.28011381E-01  3.68931013E+00
   4.57778030E+01 -1.26017685E-01  3.68888935E+00
   4.57980531E+01 -1.24012441E-01  3.68846986E+00
   4.58178642E+01 -1.22005725E-01  3.68805131E+00
   4.58372646E+01 -1.19979300E-01  3.68763683E+00
   4.58562128E+01 -1.17953234E-01  3.68722530E+00
   4.58747995E+01 -1.15912655E-01  3.68681582E+00
   4.58929886E+01 -1.13857124E-01  3.68641084E+00
   4.59107874E+01 -1.11805751E-01  3.68600212E+00
   4.59282419E+01 -1.09748999E-01  3.68558818E+00
   4.59452953E+01 -1.07681950E-01  3.68517972E+00
   4.59620179E+01 -1.05603633E-01  3.68477452E+00
   4.59783993E+01 -1.03500919E-01  3.68437632E+00
   4.59944545E+01 -1.01388276E-01  3.68398273E+00
   4.60101620E+01 -9.92654385E-02  3.68359528E+00
   4.60255702E+01 -9.71178278E-02  3.68321457E+00
   4.60406803E+01 -9.49586642E-02  3.68283935E+00
   4.60554793E+01 -9.27866640E-02  3.68247076E+00
   4.60699847E+01 -9.05916359E-02  3.68211007E+00
   4.60842124E+01 -8.83853246E-02  3.68175568E+00
   4.60981719E+01 -8.61647520E-02  3.68140760E+00
   4.61118551E+01 -8.39199858E-02  3.68106827E+00
   4.61252678E+01 -8.16671396E-02  3.68073620E+00
   4.61384502E+01 -7.93984134E-02  3.68041012E+00
   4.61513801E+01 -7.71099264E-02  3.68009279E+00
   4.61640649E+01 -7.48045171E-02  3.67978304E+00
   4.61765197E+01 -7.25012609E-02  3.67947340E+00
   4.61887826E+01 -7.01826503E-02  3.67916743E+00
   4.62007721E+01 -6.78531025E-02  3.67886820E+00
   4.62125927E+01 -6.55299195E-02  3.67856252E+00
   4.62241616E+01 -6.32010435E-02  3.67826544E+00
   4.62355616E+01 -6.08507014E-02  3.67797492E+00
   4.62467616E+01 -5.84793959E-02  3.67769250E+00
   4.62577621E+01 -5.61052023E-02  3.67741727E+00
   4.62685983E+01 -5.37248484E-02  3.67714490E+00
   4.62792155E+01 -5.13395170E-02  3.67688154E+00
   4.62896887E+01 -4.89266300E-02  3.67662496E+00
   4.62999830E+01 -4.65126280E-02  3.67637637E+00
   4.63101071E+01 -4.40929279E-02  3.67613478E+00
   4.63200686E+01 -4.16661355E-02  3.67590005E+00
   4.63298732E+01 -3.92259946E-02  3.67567337E+00
   4.63395307E+01 -3.67695585E-02  3.67545287E+00
   4.63490382E+01 -3.43147817E-02  3.67523975E+00
   4.63583948E+01 -3.18574112E-02  3.67503319E+00
   4.63676071E+01 -2.93962296E-02  3.67483301E+00
   4.63766808E+01 -2.69252236E-02  3.67464019E+00
   4.63856203E+01 -2.44401363E-02  3.67445291E+00
   4.63944294E+01 -2.19606380E-02  3.67427262E+00
   4.64031156E+01 -1.94780940E-02  3.67409809E+00
   4.64116790E+01 -1.69923623E-02  3.67392933E+00
   4.64201110E+01 -1.45080828E-02  3.67376645E+00
   4.64284236E+01 -1.20166320E-02  3.67361036E+00
   4.64366191E+01 -9.51340487E-03  3.67345830E+00
   4.64447000E+01 -7.02156837E-03  3.67331339E+00
   4.64526761E+01 -4.52872713E-03  3.67317350E+00
   4.64605377E+01 -2.03883722E-03  3.67303822E+00
   4.64683127E+01  4.48114815E-04  3.67290361E+00
   4.64759560E+01  2.92589344E-03  3.67277459E+00
   4.64835204E+01  5.41218196E-03  3.67265033E+00
   4.64909811E+01  7.89534834E-03  3.67251964E+00
   4.64983513E+01  1.03608982E-02  3.67239344E+00
   4.65056033E+01  1.28156500E-02  3.67227196E+00
   4.65127785E+01  1.52736087E-02  3.67215445E+00
   4.65198626E+01  1.77282203E-02  3.67204118E+00
   4.65268526E+01  2.01768722E-02  3.67193212E+00
   4.65337591E+01  2.26224115E-02  3.67182700E+00
   4.65405822E+01  2.50640025E-02  3.67172575E+00
   4.65473249E+01  2.75025041E-02  3.67162835E+00
   4.65539818E+01  2.99566204E-02  3.67153312E+00
   4.65605601E+01  3.23885447E-02  3.67144345E+00
   4.65670681E+01  3.48153225E-02  3.67135710E+00
   4.65734919E+01  3.72334998E-02  3.67127423E+00
   4.65798446E+01  3.96472582E-02  3.67119454E+00
   4.65861260E+01  4.20557788E-02  3.67111800E+00
   4.65923377E+01  4.44589293E-02  3.67104451E+00
   4.65984749E+01  4.68539275E-02  3.67097405E+00
   4.66045459E+01  4.92412365E-02  3.67090503E+00
   4.66105641E+01  5.16259154E-02  3.67083760E+00
   4.66164857E+01  5.39916560E-02  3.67077327E+00
   4.66223604E+01  5.63580088E-02  3.67071128E+00
   4.66281715E+01  5.87177697E-02  3.67065177E+00
   4.66339145E+01  6.10676988E-02  3.67059476E+00
   4.66395992E+01  6.34114426E-02  3.67054005E+00
   4.66452256E+01  6.57487861E-02  3.67048759E+00
   4.66507877E+01  6.80761895E-02  3.67043741E+00
   4.66562944E+01  7.03969209E-02  3.67038933E+00
   4.66617459E+01  7.27109681E-02  3.67034339E+00
   4.66671365E+01  7.50337311E-02  3.67029679E+00
   4.66724758E+01  7.73439232E-02  3.67025375E+00
   4.66777549E+01  7.96325655E-02  3.67021366E+00
   4.66829850E+01  8.19134561E-02  3.67017535E+00
   4.66881651E+01  8.41874649E-02  3.67013877E+00
   4.66932880E+01  8.64433747E-02  3.67010016E+00
   4.66983749E+01  8.86803047E-02  3.67005365E+00
   4.67033945E+01  9.09050424E-02  3.67000912E+00
   4.67083732E+01  9.31256935E-02  3.66996606E+00
   4.67133089E+01  9.53412266E-02  3.66992440E+00
   4.67181905E+01  9.75451634E-02  3.66988432E+00
   4.67230317E+01  9.97433389E-02  3.66984556E+00
   4.67278307E+01  1.01935949E-01  3.66980827E+00
   4.67325824E+01  1.04118129E-01  3.66977248E+00
   4.67372914E+01  1.06297499E-01  3.66974037E+00
   4.67419672E+01  1.08473769E-01  3.66971046E+00
   4.67465754E+01  1.10629625E-01  3.66968198E+00
   4.67511565E+01  1.12784664E-01  3.66965459E+00
   4.67556895E+01  1.14886629E-01  3.66963232E+00
   4.67601912E+01  1.17021902E-01  3.66960702E+00
   4.67646396E+01  1.19146267E-01  3.66958293E+00
   4.67690565E+01  1.21266249E-01  3.66955972E+00
   4.67734380E+01  1.23380476E-01  3.66953758E+00
   4.67777784E+01  1.25483372E-01  3.66951655E+00
   4.67820874E+01  1.27581123E-01  3.66949637E+00
   4.67863522E+01  1.29666886E-01  3.66947710E+00
   4.67905823E+01  1.31745140E-01  3.66945865E+00
   4.67947774E+01  1.33815915E-01  3.66944099E+00
   4.67989326E+01  1.35876112E-01  3.66942414E+00
   4.68030565E+01  1.37930178E-01  3.66940801E+00
   4.68071419E+01  1.39974737E-01  3.66939277E+00
   4.68111998E+01  1.42013306E-01  3.66937837E+00
   4.68152202E+01  1.44041656E-01  3.66936469E+00
   4.68192129E+01  1.46064625E-01  3.66935166E+00
   4.68231718E+01  1.48079010E-01  3.66933929E+00
   4.68270937E+01  1.50082745E-01  3.66932757E+00
   4.68309868E+01  1.52081371E-01  3.66931657E+00
   4.68348444E+01  1.54015862E-01  3.66931151E+00
   4.68386802E+01  1.55994813E-01  3.66930199E+00
   4.68424751E+01  1.57965720E-01  3.66929330E+00
   4.68462527E+01  1.59936621E-01  3.66928506E+00
   4.68499917E+01  1.61895112E-01  3.66927736E+00
   4.68537036E+01  1.63846814E-01  3.66927020E+00
   4.68573880E+01  1.65791882E-01  3.66926353E+00
   4.68610404E+01  1.67706984E-01  3.66924693E+00
   4.68646769E+01  1.69624349E-01  3.66923109E+00
   4.68682686E+01  1.71525847E-01  3.66921577E+00
   4.68718475E+01  1.73428004E-01  3.66920092E+00
   4.68753915E+01  1.75319539E-01  3.66918668E+00
   4.68789124E+01  1.77144320E-01  3.66917919E+00
   4.68824052E+01  1.79015592E-01  3.66916593E+00
   4.68858693E+01  1.80884317E-01  3.66915352E+00
   4.68893149E+01  1.82751166E-01  3.66914146E+00
   4.68927347E+01  1.84611111E-01  3.66912979E+00
   4.68961301E+01  1.86464462E-01  3.66911856E+00
   4.68994962E+01  1.88307879E-01  3.66910773E+00
   4.69028407E+01  1.90145042E-01  3.66909737E+00
   4.69061585E+01  1.91972770E-01  3.66908750E+00
   4.69094577E+01  1.93797943E-01  3.66907813E+00
   4.69127325E+01  1.95547468E-01  3.66907597E+00
   4.69159893E+01  1.97353924E-01  3.66906730E+00
   4.69192092E+01  1.99154641E-01  3.66905913E+00
   4.69224158E+01  2.00953454E-01  3.66905148E+00
   4.69255958E+01  2.02742871E-01  3.66904419E+00
   4.69287620E+01  2.04531051E-01  3.66903725E+00
   4.69318994E+01  2.06308974E-01  3.66903064E+00
   4.69350169E+01  2.08080883E-01  3.66902424E+00
   4.69381141E+01  2.09849161E-01  3.66901859E+00
   4.69411885E+01  2.11532739E-01  3.66902039E+00
   4.69442495E+01  2.13279261E-01  3.66901505E+00
   4.69472816E+01  2.15025901E-01  3.66901042E+00
   4.69502971E+01  2.16769364E-01  3.66900592E+00
   4.69532893E+01  2.18503406E-01  3.66900178E+00
   4.69562651E+01  2.20233576E-01  3.66899801E+00
   4.69592203E+01  2.21958480E-01  3.66899459E+00
   4.69621595E+01  2.23600155E-01  3.66899913E+00
   4.69650788E+01  2.25301838E-01  3.66899587E+00
   4.69679728E+01  2.27004875E-01  3.66899345E+00
   4.69708500E+01  2.28705529E-01  3.66899140E+00
   4.69737142E+01  2.30411228E-01  3.66899074E+00
   4.69765554E+01  2.32104172E-01  3.66898872E+00
   4.69793805E+01  2.33781587E-01  3.66898780E+00
   4.69821838E+01  2.35371672E-01  3.66899457E+00
   4.69849783E+01  2.37035164E-01  3.66899356E+00
   4.69877460E+01  2.38709530E-01  3.66899443E+00
   4.69905014E+01  2.40369846E-01  3.66899038E+00
   4.69932406E+01  2.42015215E-01  3.66898680E+00
   4.69959563E+01  2.43662398E-01  3.66898394E+00
   4.69986574E+01  2.45306000E-01  3.66898016E+00
   4.70013494E+01  2.46842705E-01  3.66897937E+00
   4.70040263E+01  2.48447439E-01  3.66896426E+00
   4.70066713E+01  2.50050304E-01  3.66895180E+00
   4.70093071E+01  2.51655341E-01  3.66893753E+00
   4.70119325E+01  2.53269854E-01  3.66893072E+00
   4.70145455E+01  2.54877938E-01  3.66892198E+00
   4.70171288E+01  2.56474709E-01  3.66891557E+00
   4.70197055E+01  2.57978562E-01  3.66891770E+00
   4.70222707E+01  2.59555625E-01  3.66890965E+00
   4.70248134E+01  2.61138801E-01  3.66890361E+00
   4.70273418E+01  2.62716983E-01  3.66889614E+00
   4.70298577E+01  2.64292336E-01  3.66889064E+00
   4.70323582E+01  2.65865517E-01  3.66888397E+00
   4.70348465E+01  2.67338433E-01  3.66888722E+00
   4.70373218E+01  2.68883415E-01  3.66888027E+00
   4.70397750E+01  2.70436822E-01  3.66887567E+00
   4.70422181E+01  2.71988957E-01  3.66886968E+00
   4.70446509E+01  2.73540401E-01  3.66886503E+00
   4.70470645E+01  2.75083310E-01  3.66885937E+00
   4.70494663E+01  2.76523527E-01  3.66886408E+00
   4.70518581E+01  2.78042067E-01  3.66885860E+00
   4.70542316E+01  2.79572652E-01  3.66885465E+00
   4.70565913E+01  2.81094942E-01  3.66884950E+00
   4.70589400E+01  2.82617336E-01  3.66884612E+00
   4.70612740E+01  2.84035313E-01  3.66885213E+00
   4.70636035E+01  2.85532926E-01  3.66884731E+00
   4.70659070E+01  2.87038555E-01  3.66884418E+00
   4.70682035E+01  2.88549718E-01  3.66884130E+00
   4.70704869E+01  2.90047964E-01  3.66883738E+00
   4.70727619E+01  2.91548377E-01  3.66883502E+00
   4.70750187E+01  2.92933403E-01  3.66884176E+00
   4.70772706E+01  2.94402371E-01  3.66883793E+00
   4.70795006E+01  2.95884900E-01  3.66883601E+00
   4.70817251E+01  2.97371166E-01  3.66883390E+00
   4.70839341E+01  2.98850738E-01  3.66883190E+00
   4.70861327E+01  3.00211179E-01  3.66884010E+00
   4.70883245E+01  3.01667795E-01  3.66883835E+00
   4.70904961E+01  3.03124980E-01  3.66883539E+00
   4.70926587E+01  3.04584029E-01  3.66883418E+00
   4.70948114E+01  3.06044445E-01  3.66883303E+00
   4.70969528E+01  3.07387898E-01  3.66884162E+00
   4.70990895E+01  3.08825243E-01  3.66884036E+00
   4.71012013E+01  3.10269417E-01  3.66883937E+00
   4.71033098E+01  3.11717062E-01  3.66883887E+00
   4.71054081E+01  3.13149335E-01  3.66883683E+00
   4.71074947E+01  3.14583731E-01  3.66883683E+00
   4.71095672E+01  3.15899965E-01  3.66884597E+00
   4.71116372E+01  3.17312983E-01  3.66884552E+00
   4.71136871E+01  3.18734796E-01  3.66884507E+00
   4.71157302E+01  3.20156989E-01  3.66884509E+00
   4.71177616E+01  3.21579002E-01  3.66884553E+00
   4.71197857E+01  3.22872462E-01  3.66885573E+00
   4.71218045E+01  3.24264166E-01  3.66885560E+00
   4.71238007E+01  3.25666947E-01  3.66885590E+00
   4.71257935E+01  3.27061554E-01  3.66885060E+00
   4.71277793E+01  3.28334547E-01  3.66885484E+00
   4.71297539E+01  3.29701041E-01  3.66884871E+00
   4.71317080E+01  3.31080355E-01  3.66884297E+00
   4.71336629E+01  3.32464188E-01  3.66883736E+00
   4.71356047E+01  3.33840162E-01  3.66883170E+00
   4.71375382E+01  3.35092706E-01  3.66883690E+00
   4.71394640E+01  3.36443271E-01  3.66883160E+00
   4.71413774E+01  3.37808451E-01  3.66882602E+00
   4.71432799E+01  3.39170645E-01  3.66882088E+00
   4.71451761E+01  3.40534367E-01  3.66881612E+00
   4.71470609E+01  3.41773292E-01  3.66882131E+00
   4.71489474E+01  3.43109722E-01  3.66881610E+00
   4.71508077E+01  3.44453567E-01  3.66881125E+00
   4.71526680E+01  3.45803483E-01  3.66880684E+00
   4.71545191E+01  3.47150014E-01  3.66880229E+00
   4.71563611E+01  3.48373113E-01  3.66880777E+00
   4.71581962E+01  3.49690100E-01  3.66880335E+00
   4.71600178E+01  3.51022040E-01  3.66879895E+00
   4.71618325E+01  3.52352583E-01  3.66879469E+00
   4.71636395E+01  3.53563322E-01  3.66880066E+00
   4.71654408E+01  3.54869275E-01  3.66879668E+00
   4.71672295E+01  3.56189310E-01  3.66879251E+00
   4.71690092E+01  3.57507092E-01  3.66878867E+00
   4.71707828E+01  3.58826489E-01  3.66878516E+00
   4.71725477E+01  3.60027118E-01  3.66879082E+00
   4.71743111E+01  3.61318520E-01  3.66878694E+00
   4.71760533E+01  3.62619156E-01  3.66878331E+00
   4.71777952E+01  3.63924920E-01  3.66877994E+00
   4.71795284E+01  3.65110829E-01  3.66878614E+00
   4.71812579E+01  3.66389764E-01  3.66878271E+00
   4.71829693E+01  3.67680405E-01  3.66877943E+00
   4.71846811E+01  3.68974512E-01  3.66877623E+00
   4.71863810E+01  3.70264622E-01  3.66877325E+00
   4.71880744E+01  3.71440235E-01  3.66877942E+00
   4.71897643E+01  3.72703483E-01  3.66877623E+00
   4.71914390E+01  3.73979243E-01  3.66877316E+00
   4.71931082E+01  3.75256817E-01  3.66877040E+00
   4.71947726E+01  3.76421933E-01  3.66877672E+00
   4.71964343E+01  3.77676375E-01  3.66877392E+00
   4.71980780E+01  3.78940532E-01  3.66877115E+00
   4.71997186E+01  3.80206322E-01  3.66876854E+00
   4.72013549E+01  3.81361106E-01  3.66877499E+00
   4.72029848E+01  3.82603367E-01  3.66877254E+00
   4.72046005E+01  3.83857607E-01  3.66877004E+00
   4.72062155E+01  3.85114239E-01  3.66876758E+00
   4.72078181E+01  3.86366269E-01  3.66876534E+00
   4.72094164E+01  3.87514007E-01  3.66877139E+00
   4.72110095E+01  3.88740715E-01  3.66876902E+00
   4.72125919E+01  3.89981247E-01  3.66876672E+00
   4.72141662E+01  3.91221653E-01  3.66876468E+00
   4.72157380E+01  3.92356590E-01  3.66877104E+00
   4.72173056E+01  3.93574730E-01  3.66876902E+00
   4.72188584E+01  3.94803404E-01  3.66876696E+00
   4.72204072E+01  3.96033790E-01  3.66876504E+00
   4.72219537E+01  3.97158985E-01  3.66877162E+00
   4.72234923E+01  3.98365823E-01  3.66876992E+00
   4.72250195E+01  3.99584679E-01  3.66876800E+00
   4.72265445E+01  4.00805549E-01  3.66876620E+00
   4.72280618E+01  4.01919774E-01  3.66877287E+00
   4.72295747E+01  4.03115251E-01  3.66876958E+00
   4.72310813E+01  4.04319541E-01  3.66876433E+00
   4.72325750E+01  4.05519515E-01  3.66875909E+00
   4.72340674E+01  4.06611823E-01  3.66875691E+00
   4.72355596E+01  4.07787506E-01  3.66874445E+00
   4.72370328E+01  4.08973678E-01  3.66873404E+00
   4.72385084E+01  4.10167923E-01  3.66872635E+00
   4.72399741E+01  4.11262686E-01  3.66872602E+00
   4.72414393E+01  4.12436352E-01  3.66871884E+00
   4.72428909E+01  4.13617867E-01  3.66871144E+00
   4.72443403E+01  4.14799931E-01  3.66870403E+00
   4.72457846E+01  4.15880601E-01  3.66870446E+00
   4.72472242E+01  4.17042658E-01  3.66869752E+00
   4.72486535E+01  4.18215463E-01  3.66869023E+00
   4.72500814E+01  4.19389077E-01  3.66868293E+00
   4.72514982E+01  4.20462198E-01  3.66868315E+00
   4.72529165E+01  4.21616703E-01  3.66867630E+00
   4.72543208E+01  4.22778376E-01  3.66866917E+00
   4.72557236E+01  4.23939739E-01  3.66866190E+00
   4.72571189E+01  4.25012182E-01  3.66866164E+00
   4.72585162E+01  4.26160070E-01  3.66865492E+00
   4.72598964E+01  4.27311038E-01  3.66864793E+00
   4.72612775E+01  4.28464162E-01  3.66864083E+00
   4.72626527E+01  4.29530060E-01  3.66864059E+00
   4.72640248E+01  4.30666914E-01  3.66863409E+00
   4.72653843E+01  4.31809752E-01  3.66862722E+00
   4.72667454E+01  4.32955813E-01  3.66862032E+00
   4.72680965E+01  4.34009319E-01  3.66862035E+00
   4.72694472E+01  4.35136675E-01  3.66861395E+00
   4.72707874E+01  4.36271971E-01  3.66860720E+00
   4.72721242E+01  4.37405703E-01  3.66860030E+00
   4.72734550E+01  4.38458551E-01  3.66859986E+00
   4.72747863E+01  4.39579808E-01  3.66859356E+00
   4.72761036E+01  4.40704234E-01  3.66858691E+00
   4.72774202E+01  4.41830186E-01  3.66858016E+00
   4.72787327E+01  4.42877099E-01  3.66857974E+00
   4.72800409E+01  4.43987645E-01  3.66857359E+00
   4.72813385E+01  4.45103887E-01  3.66856704E+00
   4.72826372E+01  4.46223427E-01  3.66856042E+00
   4.72839271E+01  4.47261163E-01  3.66855998E+00
   4.72852154E+01  4.48363397E-01  3.66855393E+00
   4.72864969E+01  4.49473864E-01  3.66854745E+00
   4.72877702E+01  4.50580150E-01  3.66854089E+00
   4.72890421E+01  4.51615711E-01  3.66854019E+00
   4.72903103E+01  4.52709925E-01  3.66853423E+00
   4.72915700E+01  4.53809993E-01  3.66852784E+00
   4.72928249E+01  4.54819504E-01  3.66852860E+00
   4.72940819E+01  4.55907876E-01  3.66852280E+00
   4.72953242E+01  4.56999676E-01  3.66851651E+00
   4.72965674E+01  4.58092899E-01  3.66851007E+00
   4.72978059E+01  4.59115740E-01  3.66850946E+00
   4.72990414E+01  4.60196824E-01  3.66850369E+00
   4.73002666E+01  4.61281730E-01  3.66849749E+00
   4.73014929E+01  4.62367231E-01  3.66849101E+00
   4.73027107E+01  4.63387508E-01  3.66848989E+00
   4.73039276E+01  4.64461718E-01  3.66848420E+00
   4.73051365E+01  4.65538953E-01  3.66847800E+00
   4.73063421E+01  4.66613785E-01  3.66847156E+00
   4.73075430E+01  4.67632763E-01  3.66847009E+00
   4.73087431E+01  4.68700643E-01  3.66846445E+00
   4.73099324E+01  4.69768653E-01  3.66845832E+00
   4.73111214E+01  4.70760077E-01  3.66845867E+00
   4.73123085E+01  4.71818956E-01  3.66845321E+00
   4.73134850E+01  4.72880959E-01  3.66844711E+00
   4.73146614E+01  4.73945472E-01  3.66844102E+00
   4.73158310E+01  4.74945792E-01  3.66844006E+00
   4.73169994E+01  4.75998230E-01  3.66843454E+00
   4.73181588E+01  4.77053724E-01  3.66842864E+00
   4.73193184E+01  4.78107099E-01  3.66842224E+00
   4.73204701E+01  4.79112000E-01  3.66842033E+00
   4.73216222E+01  4.80160197E-01  3.66841493E+00
   4.73227649E+01  4.81206976E-01  3.66840894E+00
   4.73239064E+01  4.82182981E-01  3.66840900E+00
   4.73250453E+01  4.83220885E-01  3.66840376E+00
   4.73261767E+01  4.84262098E-01  3.66839777E+00
   4.73273046E+01  4.85301466E-01  3.66839171E+00
   4.73284316E+01  4.86290660E-01  3.66838779E+00
   4.73295552E+01  4.87317602E-01  3.66837742E+00
   4.73306686E+01  4.88345008E-01  3.66836675E+00
   4.73317830E+01  4.89304637E-01  3.66836232E+00
   4.73328944E+01  4.90323332E-01  3.66835220E+00
   4.73339968E+01  4.91347412E-01  3.66834163E+00
   4.73351006E+01  4.92370014E-01  3.66833063E+00
   4.73361972E+01  4.93345596E-01  3.66832416E+00
   4.73372924E+01  4.94362346E-01  3.66831412E+00
   4.73383815E+01  4.95379529E-01  3.66830347E+00
   4.73394674E+01  4.96388895E-01  3.66829223E+00
   4.73405508E+01  4.97375812E-01  3.66828468E+00
   4.73416288E+01  4.98386516E-01  3.66827465E+00
   4.73427027E+01  4.99396650E-01  3.66826403E+00
   4.73437727E+01  5.00343656E-01  3.66825921E+00
   4.73448434E+01  5.01346790E-01  3.66824939E+00
   4.73459030E+01  5.02348598E-01  3.66823888E+00
   4.73469647E+01  5.03353830E-01  3.66822829E+00
   4.73480197E+01  5.04314160E-01  3.66822186E+00
   4.73490734E+01  5.05311424E-01  3.66821197E+00
   4.73501216E+01  5.06310745E-01  3.66820165E+00
   4.73511673E+01  5.07247528E-01  3.66819679E+00
   4.73522096E+01  5.08236589E-01  3.66818713E+00
   4.73532483E+01  5.09231432E-01  3.66817681E+00
   4.73542819E+01  5.10214972E-01  3.66816579E+00
   4.73553138E+01  5.11183857E-01  3.66815815E+00
   4.73563424E+01  5.12173838E-01  3.66814841E+00
   4.73573656E+01  5.13158646E-01  3.66813796E+00
   4.73583864E+01  5.14092712E-01  3.66813272E+00
   4.73594061E+01  5.15073986E-01  3.66812319E+00
   4.73604174E+01  5.16052593E-01  3.66811287E+00
   4.73614293E+01  5.17033329E-01  3.66810254E+00
   4.73624363E+01  5.17982031E-01  3.66809565E+00
   4.73634405E+01  5.18957336E-01  3.66808598E+00
   4.73644417E+01  5.19935315E-01  3.66807592E+00
   4.73654369E+01  5.20855722E-01  3.66807077E+00
   4.73664323E+01  5.21824544E-01  3.66806132E+00
   4.73674212E+01  5.22794946E-01  3.66805129E+00
   4.73684088E+01  5.23757057E-01  3.66804052E+00
   4.73693916E+01  5.24710408E-01  3.66803255E+00
   4.73703740E+01  5.25680460E-01  3.66802303E+00
   4.73713492E+01  5.26642545E-01  3.66801289E+00
   4.73723241E+01  5.27562500E-01  3.66800736E+00
   4.73732959E+01  5.28521447E-01  3.66799806E+00
   4.73742621E+01  5.29478798E-01  3.66798799E+00
   4.73752268E+01  5.30435153E-01  3.66797782E+00
   4.73761885E+01  5.31373556E-01  3.66797035E+00
   4.73771460E+01  5.32328391E-01  3.66796092E+00
   4.73781022E+01  5.33284999E-01  3.66795108E+00
   4.73790532E+01  5.34192874E-01  3.66794551E+00
   4.73800033E+01  5.35141286E-01  3.66793631E+00
   4.73809487E+01  5.36090313E-01  3.66792646E+00
   4.73818909E+01  5.36991356E-01  3.66792116E+00
   4.73828316E+01  5.37935266E-01  3.66791205E+00
   4.73837675E+01  5.38879209E-01  3.66790222E+00
   4.73847012E+01  5.39816025E-01  3.66789186E+00
   4.73856311E+01  5.40765009E-01  3.66788294E+00
   4.73865592E+01  5.41713954E-01  3.66787376E+00
   4.73874820E+01  5.42656571E-01  3.66786434E+00
   4.73884053E+01  5.43542716E-01  3.66785975E+00
   4.73893240E+01  5.44472665E-01  3.66785072E+00
   4.73902385E+01  5.45406194E-01  3.66784108E+00
   4.73911517E+01  5.46334412E-01  3.66783093E+00
   4.73920618E+01  5.47273597E-01  3.66782209E+00
   4.73929676E+01  5.48210984E-01  3.66781307E+00
   4.73938728E+01  5.49146792E-01  3.66780375E+00
   4.73947727E+01  5.50023901E-01  3.66779893E+00
   4.73956731E+01  5.50946926E-01  3.66779003E+00
   4.73965668E+01  5.51868934E-01  3.66778041E+00
   4.73974596E+01  5.52755683E-01  3.66777483E+00
   4.73983509E+01  5.53679917E-01  3.66776690E+00
   4.73992386E+01  5.54599676E-01  3.66775868E+00
   4.74001207E+01  5.55517465E-01  3.66775056E+00
   4.74010043E+01  5.56447927E-01  3.66774336E+00
   4.74018819E+01  5.57372055E-01  3.66773586E+00
   4.74027585E+01  5.58295430E-01  3.66772821E+00
   4.74036329E+01  5.59169875E-01  3.66772431E+00
   4.74045025E+01  5.60079374E-01  3.66771698E+00
   4.74053706E+01  5.60991660E-01  3.66770898E+00
   4.74062346E+01  5.61870102E-01  3.66770445E+00
   4.74070979E+01  5.62780456E-01  3.66769718E+00
   4.74079571E+01  5.63686314E-01  3.66768911E+00
   4.74088145E+01  5.64603692E-01  3.66768200E+00
   4.74096678E+01  5.65483527E-01  3.66767667E+00
   4.74105220E+01  5.66376966E-01  3.66766627E+00
   4.74113711E+01  5.67272237E-01  3.66765479E+00
   4.74122168E+01  5.68178351E-01  3.66764412E+00
   4.74130602E+01  5.69081141E-01  3.66763307E+00
   4.74139017E+01  5.69980894E-01  3.66762186E+00
   4.74147411E+01  5.70842668E-01  3.66761408E+00
   4.74155781E+01  5.71732961E-01  3.66760319E+00
   4.74164105E+01  5.72624298E-01  3.66759193E+00
   4.74172435E+01  5.73486888E-01  3.66758389E+00
   4.74180721E+01  5.74374503E-01  3.66757309E+00
   4.74188982E+01  5.75262000E-01  3.66756177E+00
   4.74197231E+01  5.76159541E-01  3.66755117E+00
   4.74205423E+01  5.77049258E-01  3.66754019E+00
   4.74213626E+01  5.77940346E-01  3.66752930E+00
   4.74221774E+01  5.78823433E-01  3.66751812E+00
   4.74229915E+01  5.79686137E-01  3.66750965E+00
   4.74238035E+01  5.80567006E-01  3.66749892E+00
   4.74246119E+01  5.81444937E-01  3.66748767E+00
   4.74254179E+01  5.82301836E-01  3.66747934E+00
   4.74262234E+01  5.83179104E-01  3.66746861E+00
   4.74270234E+01  5.84048334E-01  3.66745522E+00
   4.74278256E+01  5.84896442E-01  3.66744346E+00
   4.74286206E+01  5.85761796E-01  3.66742928E+00
   4.74294149E+01  5.86630136E-01  3.66741475E+00
   4.74302081E+01  5.87507666E-01  3.66740078E+00
   4.74309975E+01  5.88379067E-01  3.66738647E+00
   4.74317850E+01  5.89249679E-01  3.66737232E+00
   4.74325708E+01  5.90114336E-01  3.66735780E+00
   4.74333531E+01  5.90961076E-01  3.66734552E+00
   4.74341350E+01  5.91825189E-01  3.66733151E+00
   4.74349135E+01  5.92682849E-01  3.66731692E+00
   4.74356882E+01  5.93525640E-01  3.66730478E+00
   4.74364641E+01  5.94386780E-01  3.66729078E+00
   4.74372337E+01  5.95238647E-01  3.66727631E+00
   4.74380038E+01  5.96078075E-01  3.66726439E+00
   4.74387707E+01  5.96932066E-01  3.66725043E+00
   4.74395351E+01  5.97784054E-01  3.66723612E+00
   4.74402977E+01  5.98645009E-01  3.66722241E+00
   4.74410583E+01  5.99474593E-01  3.66720980E+00
   4.74418163E+01  6.00320257E-01  3.66719581E+00
   4.74425736E+01  6.01179440E-01  3.66718218E+00
   4.74433261E+01  6.02032209E-01  3.66716827E+00
   4.74440784E+01  6.02885322E-01  3.66715443E+00
   4.74448279E+01  6.03730093E-01  3.66714024E+00
   4.74455752E+01  6.04567435E-01  3.66712774E+00
   4.74463209E+01  6.05414259E-01  3.66711405E+00
   4.74470637E+01  6.06253287E-01  3.66709981E+00
   4.74478044E+01  6.07086840E-01  3.66708751E+00
   4.74485450E+01  6.07930942E-01  3.66707382E+00
   4.74492808E+01  6.08766431E-01  3.66705973E+00
   4.74500161E+01  6.09592819E-01  3.66704780E+00
   4.74507498E+01  6.10430725E-01  3.66703413E+00
   4.74514784E+01  6.11264165E-01  3.66702024E+00
   4.74522083E+01  6.12107345E-01  3.66700677E+00
   4.74529332E+01  6.12921604E-01  3.66699417E+00
   4.74536583E+01  6.13752810E-01  3.66698056E+00
   4.74543801E+01  6.14591240E-01  3.66696718E+00
   4.74551002E+01  6.15428457E-01  3.66695366E+00
   4.74558182E+01  6.16262986E-01  3.66694018E+00
   4.74565349E+01  6.17096855E-01  3.66692659E+00
   4.74572481E+01  6.17933842E-01  3.66691347E+00
   4.74579614E+01  6.18769684E-01  3.66690013E+00
   4.74586708E+01  6.19597270E-01  3.66688655E+00
   4.74593793E+01  6.20405777E-01  3.66687516E+00
   4.74600861E+01  6.21229457E-01  3.66686186E+00
   4.74607897E+01  6.22050086E-01  3.66684824E+00
   4.74614923E+01  6.22862769E-01  3.66683634E+00
   4.74621928E+01  6.23682471E-01  3.66682296E+00
   4.74628905E+01  6.24501425E-01  3.66680949E+00
   4.74635885E+01  6.25325633E-01  3.66679623E+00
   4.74642829E+01  6.26129944E-01  3.66678373E+00
   4.74649749E+01  6.26943413E-01  3.66677044E+00
   4.74656663E+01  6.27761427E-01  3.66675717E+00
   4.74663537E+01  6.28580580E-01  3.66674408E+00
   4.74670416E+01  6.29399169E-01  3.66673090E+00
   4.74677256E+01  6.30216645E-01  3.66671787E+00
   4.74684088E+01  6.31037141E-01  3.66670490E+00
   4.74690900E+01  6.31852920E-01  3.66669186E+00
   4.74697693E+01  6.32665380E-01  3.66667867E+00
   4.74704466E+01  6.33466844E-01  3.66666683E+00
   4.74711226E+01  6.34274991E-01  3.66665382E+00
   4.74717955E+01  6.35082724E-01  3.66664072E+00
   4.74724687E+01  6.35885692E-01  3.66662868E+00
   4.74731381E+01  6.36689309E-01  3.66661568E+00
   4.74738066E+01  6.37502345E-01  3.66660303E+00
   4.74744730E+01  6.38312008E-01  3.66659014E+00
   4.74751375E+01  6.39118969E-01  3.66657735E+00
   4.74758014E+01  6.39924863E-01  3.66656445E+00
   4.74764610E+01  6.40702669E-01  3.66655344E+00
   4.74771210E+01  6.41502255E-01  3.66654080E+00
   4.74777776E+01  6.42297568E-01  3.66652775E+00
   4.74784336E+01  6.43090961E-01  3.66651577E+00
   4.74790870E+01  6.43889158E-01  3.66650310E+00
   4.74797396E+01  6.44686427E-01  3.66649023E+00
   4.74803890E+01  6.45489134E-01  3.66647786E+00
   4.74810387E+01  6.46287252E-01  3.66646335E+00
   4.74816861E+01  6.47075170E-01  3.66644741E+00
   4.74823303E+01  6.47849844E-01  3.66643328E+00
   4.74829741E+01  6.48636322E-01  3.66641761E+00
   4.74836154E+01  6.49419562E-01  3.66640168E+00
   4.74842557E+01  6.50215292E-01  3.66638637E+00
   4.74848937E+01  6.51007433E-01  3.66637081E+00
   4.74855300E+01  6.51781122E-01  3.66635512E+00
   4.74861666E+01  6.52572597E-01  3.66633985E+00
   4.74867987E+01  6.53359058E-01  3.66632434E+00
   4.74874310E+01  6.54142713E-01  3.66630869E+00
   4.74880616E+01  6.54928963E-01  3.66629325E+00
   4.74886884E+01  6.55713487E-01  3.66627787E+00
   4.74893165E+01  6.56497384E-01  3.66626237E+00
   4.74899401E+01  6.57280525E-01  3.66624709E+00
   4.74905638E+01  6.58065754E-01  3.66623175E+00
   4.74911850E+01  6.58845571E-01  3.66621639E+00
   4.74918049E+01  6.59623636E-01  3.66620095E+00
   4.74924234E+01  6.60387736E-01  3.66618690E+00
   4.74930405E+01  6.61159560E-01  3.66617159E+00
   4.74936548E+01  6.61938164E-01  3.66615649E+00
   4.74942691E+01  6.62717347E-01  3.66614126E+00
   4.74948802E+01  6.63491444E-01  3.66612606E+00
   4.74954914E+01  6.64264579E-01  3.66611076E+00
   4.74960997E+01  6.65021484E-01  3.66609676E+00
   4.74967072E+01  6.65789964E-01  3.66608168E+00
   4.74973132E+01  6.66565747E-01  3.66606672E+00
   4.74979168E+01  6.67338262E-01  3.66605163E+00
   4.74985194E+01  6.68108835E-01  3.66603658E+00
   4.74991205E+01  6.68873976E-01  3.66602134E+00
   4.74997201E+01  6.69631706E-01  3.66600728E+00
   4.75003179E+01  6.70395588E-01  3.66599230E+00
   4.75009144E+01  6.71161475E-01  3.66597728E+00
   4.75015084E+01  6.71930379E-01  3.66596253E+00
   4.75021024E+01  6.72696410E-01  3.66594756E+00
   4.75026931E+01  6.73456095E-01  3.66593252E+00
   4.75032844E+01  6.74208542E-01  3.66591865E+00
   4.75038724E+01  6.74964360E-01  3.66590376E+00
   4.75044597E+01  6.75728350E-01  3.66588907E+00
   4.75050453E+01  6.76490819E-01  3.66587429E+00
   4.75056294E+01  6.77250402E-01  3.66585949E+00
   4.75062122E+01  6.78005540E-01  3.66584459E+00
   4.75067936E+01  6.78753006E-01  3.66583068E+00
   4.75073730E+01  6.79506828E-01  3.66581601E+00
   4.75079524E+01  6.80267530E-01  3.66580144E+00
   4.75085285E+01  6.81024609E-01  3.66578681E+00
   4.75091045E+01  6.81779467E-01  3.66577174E+00
   4.75096796E+01  6.82529374E-01  3.66575638E+00
   4.75102508E+01  6.83275134E-01  3.66574190E+00
   4.75108233E+01  6.84025911E-01  3.66572674E+00
   4.75113916E+01  6.84777959E-01  3.66571178E+00
   4.75119602E+01  6.85531204E-01  3.66569674E+00
   4.75125265E+01  6.86279612E-01  3.66568166E+00
   4.75130918E+01  6.87024792E-01  3.66566652E+00
   4.75136559E+01  6.87777827E-01  3.66565174E+00
   4.75142182E+01  6.88515048E-01  3.66563708E+00
   4.75147791E+01  6.89262171E-01  3.66562230E+00
   4.75153392E+01  6.90009852E-01  3.66560741E+00
   4.75158967E+01  6.90753816E-01  3.66559250E+00
   4.75164545E+01  6.91494757E-01  3.66557747E+00
   4.75170095E+01  6.92241415E-01  3.66556283E+00
   4.75175637E+01  6.92989826E-01  3.66554816E+00
   4.75181167E+01  6.93729002E-01  3.66553320E+00
   4.75186680E+01  6.94474393E-01  3.66551863E+00
   4.75192182E+01  6.95204609E-01  3.66550431E+00
   4.75197670E+01  6.95944922E-01  3.66548975E+00
   4.75203143E+01  6.96685485E-01  3.66547510E+00
   4.75208599E+01  6.97422004E-01  3.66546037E+00
   4.75214047E+01  6.98160211E-01  3.66544574E+00
   4.75219475E+01  6.98899249E-01  3.66543125E+00
   4.75224898E+01  6.99635016E-01  3.66541660E+00
   4.75230296E+01  7.00365987E-01  3.66540195E+00
   4.75235702E+01  7.01105739E-01  3.66538758E+00
   4.75241070E+01  7.01843860E-01  3.66537323E+00
   4.75246441E+01  7.02574976E-01  3.66535860E+00
   4.75251792E+01  7.03310708E-01  3.66534432E+00
   4.75257129E+01  7.04030669E-01  3.66533047E+00
   4.75262464E+01  7.04763086E-01  3.66531621E+00
   4.75267773E+01  7.05494150E-01  3.66530187E+00
   4.75273073E+01  7.06222287E-01  3.66528744E+00
   4.75278365E+01  7.06952873E-01  3.66527317E+00
   4.75283634E+01  7.07682473E-01  3.66525893E+00
   4.75288907E+01  7.08409652E-01  3.66524456E+00
   4.75294159E+01  7.09131810E-01  3.66523017E+00
   4.75299387E+01  7.09859649E-01  3.66521611E+00
   4.75304619E+01  7.10578321E-01  3.66520205E+00
   4.75309821E+01  7.11300256E-01  3.66518793E+00
   4.75315029E+01  7.12025909E-01  3.66517379E+00
   4.75320206E+01  7.12745652E-01  3.66515959E+00
   4.75325384E+01  7.13467635E-01  3.66514548E+00
   4.75330543E+01  7.14190216E-01  3.66513143E+00
   4.75335690E+01  7.14909638E-01  3.66511732E+00
   4.75340829E+01  7.15637010E-01  3.66510351E+00
   4.75345952E+01  7.16358927E-01  3.66508953E+00
   4.75351061E+01  7.17076663E-01  3.66507550E+00
   4.75356167E+01  7.17791726E-01  3.66506141E+00
   4.75361249E+01  7.18503513E-01  3.66504786E+00
   4.75366332E+01  7.19217055E-01  3.66503387E+00
   4.75371391E+01  7.19936154E-01  3.66502015E+00
   4.75376443E+01  7.20656886E-01  3.66500642E+00
   4.75381486E+01  7.21369916E-01  3.66499246E+00
   4.75386513E+01  7.22087681E-01  3.66497880E+00
   4.75391534E+01  7.22806713E-01  3.66496510E+00
   4.75396528E+01  7.23516402E-01  3.66495124E+00
   4.75401523E+01  7.24236202E-01  3.66493773E+00
   4.75406499E+01  7.24948447E-01  3.66492401E+00
   4.75411467E+01  7.25657457E-01  3.66491026E+00
   4.75416422E+01  7.26371851E-01  3.66489535E+00
   4.75421378E+01  7.27081066E-01  3.66487985E+00
   4.75426295E+01  7.27784502E-01  3.66486440E+00
   4.75431226E+01  7.28498532E-01  3.66484914E+00
   4.75436126E+01  7.29204621E-01  3.66483379E+00
   4.75441031E+01  7.29908238E-01  3.66481834E+00
   4.75445914E+01  7.30613272E-01  3.66480305E+00
   4.75450789E+01  7.31313708E-01  3.66478803E+00
   4.75455658E+01  7.32012977E-01  3.66477265E+00
   4.75460507E+01  7.32721363E-01  3.66475761E+00
   4.75465348E+01  7.33424125E-01  3.66474234E+00
   4.75470179E+01  7.34121583E-01  3.66472701E+00
   4.75475000E+01  7.34829241E-01  3.66471205E+00
   4.75479802E+01  7.35528517E-01  3.66469685E+00
   4.75484601E+01  7.36225170E-01  3.66468163E+00
   4.75489382E+01  7.36929593E-01  3.66466672E+00
   4.75494158E+01  7.37627329E-01  3.66465158E+00
   4.75498915E+01  7.38321331E-01  3.66463648E+00
   4.75503677E+01  7.39025210E-01  3.66462158E+00
   4.75508408E+01  7.39720159E-01  3.66460658E+00
   4.75513143E+01  7.40413083E-01  3.66459151E+00
   4.75517859E+01  7.41113368E-01  3.66457673E+00
   4.75522565E+01  7.41807763E-01  3.66456177E+00
   4.75527267E+01  7.42497867E-01  3.66454676E+00
   4.75531952E+01  7.43197340E-01  3.66453206E+00
   4.75536626E+01  7.43888780E-01  3.66451717E+00
   4.75541293E+01  7.44576216E-01  3.66450223E+00
   4.75545943E+01  7.45273934E-01  3.66448762E+00
   4.75550596E+01  7.45963560E-01  3.66447276E+00
   4.75555230E+01  7.46652500E-01  3.66445803E+00
   4.75559846E+01  7.47348987E-01  3.66444348E+00
   4.75564462E+01  7.48036390E-01  3.66442870E+00
   4.75569056E+01  7.48722864E-01  3.66441407E+00
   4.75573657E+01  7.49418969E-01  3.66439955E+00
   4.75578226E+01  7.50103457E-01  3.66438491E+00
   4.75582802E+01  7.50789232E-01  3.66437030E+00
   4.75587356E+01  7.51455229E-01  3.66435675E+00
   4.75591908E+01  7.52134206E-01  3.66434227E+00
   4.75596447E+01  7.52821983E-01  3.66432788E+00
   4.75600973E+01  7.53505593E-01  3.66431336E+00
   4.75605491E+01  7.54185145E-01  3.66429877E+00
   4.75610002E+01  7.54871814E-01  3.66428447E+00
   4.75614494E+01  7.55553417E-01  3.66427003E+00
   4.75618993E+01  7.56231462E-01  3.66425549E+00
   4.75623466E+01  7.56916128E-01  3.66424128E+00
   4.75627936E+01  7.57595589E-01  3.66422686E+00
   4.75632399E+01  7.58270541E-01  3.66421239E+00
   4.75636837E+01  7.58952725E-01  3.66419828E+00
   4.75641285E+01  7.59629937E-01  3.66418388E+00
   4.75645703E+01  7.60305775E-01  3.66416966E+00
   4.75650125E+01  7.60988723E-01  3.66415557E+00
   4.75654527E+01  7.61662081E-01  3.66414127E+00
   4.75658926E+01  7.62337898E-01  3.66412712E+00
   4.75663315E+01  7.63017768E-01  3.66411308E+00
   4.75667692E+01  7.63690536E-01  3.66409888E+00
   4.75672060E+01  7.64363268E-01  3.66408478E+00
   4.75676420E+01  7.65040818E-01  3.66407081E+00
   4.75680764E+01  7.65714146E-01  3.66405679E+00
   4.75685113E+01  7.66387235E-01  3.66404272E+00
   4.75689437E+01  7.67063014E-01  3.66402884E+00
   4.75693761E+01  7.67732272E-01  3.66401476E+00
   4.75698071E+01  7.68400988E-01  3.66400081E+00
   4.75702372E+01  7.69075150E-01  3.66398700E+00
   4.75706673E+01  7.69744958E-01  3.66397304E+00
   4.75710944E+01  7.70412932E-01  3.66395922E+00
   4.75715222E+01  7.71077830E-01  3.66394550E+00
   4.75719479E+01  7.71739713E-01  3.66393160E+00
   4.75723734E+01  7.72410145E-01  3.66391795E+00
   4.75727977E+01  7.73074366E-01  3.66390409E+00
   4.75732212E+01  7.73739412E-01  3.66389032E+00
   4.75736436E+01  7.74408327E-01  3.66387671E+00
   4.75740654E+01  7.75070691E-01  3.66386289E+00
   4.75744857E+01  7.75733822E-01  3.66384923E+00
   4.75749061E+01  7.76400799E-01  3.66383564E+00
   4.75753243E+01  7.77063648E-01  3.66382201E+00
   4.75757429E+01  7.77727276E-01  3.66380841E+00
   4.75761596E+01  7.78391181E-01  3.66379489E+00
   4.75765758E+01  7.79053067E-01  3.66378133E+00
   4.75769913E+01  7.79718249E-01  3.66376789E+00
   4.75774054E+01  7.80377426E-01  3.66375434E+00
   4.75778196E+01  7.81036552E-01  3.66374082E+00
   4.75782312E+01  7.81697968E-01  3.66372749E+00
   4.75786430E+01  7.82355797E-01  3.66371398E+00
   4.75790536E+01  7.83011319E-01  3.66370052E+00
   4.75794634E+01  7.83672547E-01  3.66368726E+00
   4.75798722E+01  7.84327475E-01  3.66367382E+00
   4.75802805E+01  7.84982084E-01  3.66366045E+00
   4.75806872E+01  7.85640647E-01  3.66364725E+00
   4.75810940E+01  7.86295653E-01  3.66363390E+00
   4.75814988E+01  7.86949637E-01  3.66362066E+00
   4.75819041E+01  7.87607584E-01  3.66360749E+00
   4.75823072E+01  7.88260104E-01  3.66359425E+00
   4.75827103E+01  7.88913454E-01  3.66358106E+00
   4.75831122E+01  7.89567741E-01  3.66356795E+00
   4.75835132E+01  7.90219849E-01  3.66355480E+00
   4.75839139E+01  7.90871927E-01  3.66354167E+00
   4.75843130E+01  7.91523734E-01  3.66352861E+00
   4.75847119E+01  7.92174221E-01  3.66351551E+00
   4.75851090E+01  7.92826137E-01  3.66350255E+00
   4.75855058E+01  7.93475952E-01  3.66348951E+00
   4.75859019E+01  7.94133960E-01  3.66347668E+00
   4.75862970E+01  7.94783074E-01  3.66346373E+00
   4.75866910E+01  7.95435652E-01  3.66345086E+00
   4.75870847E+01  7.96080194E-01  3.66343795E+00
   4.75874768E+01  7.96724920E-01  3.66342507E+00
   4.75878694E+01  7.97376657E-01  3.66341226E+00
   4.75882596E+01  7.98020447E-01  3.66339938E+00
   4.75886501E+01  7.98665205E-01  3.66338654E+00
   4.75890392E+01  7.99303970E-01  3.66337381E+00
   4.75894276E+01  7.99946235E-01  3.66336103E+00
   4.75898156E+01  8.00591697E-01  3.66334831E+00
   4.75902021E+01  8.01233609E-01  3.66333554E+00
   4.75905883E+01  8.01875563E-01  3.66332270E+00
   4.75909743E+01  8.02513583E-01  3.66330703E+00
   4.75913579E+01  8.03149650E-01  3.66329134E+00
   4.75917415E+01  8.03790823E-01  3.66327571E+00
   4.75921241E+01  8.04434380E-01  3.66326018E+00
   4.75925059E+01  8.05069462E-01  3.66324459E+00
   4.75928873E+01  8.05704224E-01  3.66322896E+00
   4.75932672E+01  8.06342251E-01  3.66321280E+00
   4.75936481E+01  8.06976722E-01  3.66319639E+00
   4.75940255E+01  8.07607672E-01  3.66318012E+00
   4.75944041E+01  8.08245131E-01  3.66316386E+00
   4.75947808E+01  8.08875875E-01  3.66314758E+00
   4.75951574E+01  8.09511380E-01  3.66313140E+00
   4.75955331E+01  8.10141418E-01  3.66311513E+00
   4.75959079E+01  8.10771201E-01  3.66309894E+00
   4.75962823E+01  8.11404529E-01  3.66308281E+00
   4.75966553E+01  8.12033062E-01  3.66306665E+00
   4.75970279E+01  8.12661523E-01  3.66305054E+00
   4.75973998E+01  8.13292282E-01  3.66303448E+00
   4.75977708E+01  8.13920142E-01  3.66301842E+00
   4.75981410E+01  8.14547177E-01  3.66300238E+00
   4.75985106E+01  8.15177176E-01  3.66298612E+00
   4.75988797E+01  8.15799382E-01  3.66296737E+00
   4.75992473E+01  8.16423890E-01  3.66294865E+00
   4.75996139E+01  8.17046030E-01  3.66292993E+00
   4.75999813E+01  8.17668381E-01  3.66291116E+00
   4.76003463E+01  8.18291531E-01  3.66289253E+00
   4.76007116E+01  8.18913083E-01  3.66287384E+00
   4.76010756E+01  8.19532660E-01  3.66285520E+00
   4.76014391E+01  8.20156183E-01  3.66283664E+00
   4.76018021E+01  8.20776279E-01  3.66281802E+00
   4.76021640E+01  8.21395320E-01  3.66279947E+00
   4.76025254E+01  8.22018740E-01  3.66278098E+00
   4.76028858E+01  8.22636986E-01  3.66276245E+00
   4.76032458E+01  8.23255128E-01  3.66274397E+00
   4.76036046E+01  8.23874652E-01  3.66272556E+00
   4.76039629E+01  8.24491682E-01  3.66270713E+00
   4.76043204E+01  8.25108980E-01  3.66268876E+00
   4.76046775E+01  8.25727394E-01  3.66267041E+00
   4.76050332E+01  8.26348914E-01  3.66265207E+00
   4.76053891E+01  8.26965903E-01  3.66263376E+00
   4.76057432E+01  8.27583287E-01  3.66261548E+00
   4.76060979E+01  8.28197584E-01  3.66259725E+00
   4.76064507E+01  8.28810410E-01  3.66257906E+00
   4.76068035E+01  8.29427009E-01  3.66256085E+00
   4.76071552E+01  8.30039322E-01  3.66254267E+00
   4.76075064E+01  8.30652150E-01  3.66252455E+00
   4.76078572E+01  8.31262669E-01  3.66250645E+00
   4.76082068E+01  8.31877483E-01  3.66248839E+00
   4.76085558E+01  8.32490539E-01  3.66247035E+00
