   1.00000000E-06  8.84342837E-01  3.64550998E+00
   2.25000000E-06  8.81663638E-01  3.64556218E+00
   3.81250000E-06  8.78355848E-01  3.64562732E+00
   5.76562500E-06  8.74267319E-01  3.64570848E+00
   8.20703125E-06  8.69247035E-01  3.64580963E+00
   1.12587891E-05  8.63109183E-01  3.64593551E+00
   1.50734863E-05  8.55639125E-01  3.64609182E+00
   1.98418579E-05  8.46681010E-01  3.64627946E+00
   2.58023224E-05  8.35836222E-01  3.64649503E+00
   3.32529030E-05  8.22917541E-01  3.64676075E+00
   4.25661287E-05  8.07702314E-01  3.64708858E+00
   5.42076609E-05  7.90171365E-01  3.64755993E+00
   6.87595761E-05  7.74063082E-01  3.64922886E+00
   8.69494702E-05  7.54512535E-01  3.65094238E+00
   1.09686838E-04  7.31911702E-01  3.65285598E+00
   1.38108547E-04  7.01033359E-01  3.65362384E+00
   1.73635684E-04  6.64967049E-01  3.65394253E+00
   2.18044605E-04  6.25365918E-01  3.65421815E+00
   2.73555756E-04  5.82080760E-01  3.65434755E+00
   3.42944695E-04  5.35621424E-01  3.65439087E+00
   4.29680869E-04  4.86095878E-01  3.65429915E+00
   5.38101086E-04  4.33326370E-01  3.65393530E+00
   6.73626358E-04  3.78126230E-01  3.65341887E+00
   8.43032947E-04  3.20325701E-01  3.65262212E+00
   1.05479118E-03  2.60010471E-01  3.65148037E+00
   1.31948898E-03  1.97823703E-01  3.65008921E+00
   1.65036123E-03  1.33727374E-01  3.64835612E+00
   2.06395153E-03  6.78545734E-02  3.64623066E+00
   2.58093941E-03  1.39701013E-03  3.64390547E+00
   3.22717427E-03 -6.50139697E-02  3.64141866E+00
   4.03496783E-03 -1.29539400E-01  3.63913140E+00
   5.04470979E-03 -1.90629700E-01  3.63733206E+00
   6.30688724E-03 -2.46457070E-01  3.63635055E+00
   7.88460905E-03 -2.93287874E-01  3.63702580E+00
   9.85676132E-03 -3.27323355E-01  3.64016592E+00
   1.22803781E-02 -3.42182218E-01  3.64703220E+00
   1.49602387E-02 -3.32897775E-01  3.65785371E+00
   1.78163056E-02 -2.98791298E-01  3.67276212E+00
   2.07660355E-02 -2.43255410E-01  3.69095464E+00
   2.37575874E-02 -1.73039255E-01  3.71084213E+00
   2.68113525E-02 -9.77348536E-02  3.73055946E+00
   2.95844506E-02 -4.49015802E-02  3.74509907E+00
   3.18029291E-02 -3.50864609E-02  3.75197891E+00
   3.35777118E-02 -4.80371519E-02  3.75454704E+00
   3.49975381E-02 -6.60121150E-02  3.75518751E+00
   3.67723208E-02 -8.98215102E-02  3.75486935E+00
   3.89907993E-02 -1.12870777E-01  3.75401134E+00
   4.17638974E-02 -1.30415711E-01  3.75302431E+00
   4.52302699E-02 -1.40633852E-01  3.75224485E+00
   4.95632357E-02 -1.44850642E-01  3.75180200E+00
   5.49794429E-02 -1.45415282E-01  3.75166203E+00
   6.17497018E-02 -1.44253544E-01  3.75171430E+00
   7.02125255E-02 -1.42358123E-01  3.75188563E+00
   8.07910552E-02 -1.40194609E-01  3.75212259E+00
   9.40142172E-02 -1.38036307E-01  3.75237561E+00
   1.10543170E-01 -1.36106235E-01  3.75259659E+00
   1.31204360E-01 -1.34433963E-01  3.75276190E+00
   1.57030849E-01 -1.32940507E-01  3.75288362E+00
   1.89313959E-01 -1.31459285E-01  3.75298876E+00
   2.29667847E-01 -1.29843867E-01  3.75309518E+00
   2.80110207E-01 -1.28161373E-01  3.75319628E+00
   3.43163158E-01 -1.26156740E-01  3.75331825E+00
   4.21979345E-01 -1.23820726E-01  3.75346144E+00
   5.20499580E-01 -1.21060614E-01  3.75363259E+00
   6.43649873E-01 -1.17730767E-01  3.75384173E+00
   7.97587739E-01 -1.13661374E-01  3.75409911E+00
   9.90010073E-01 -1.08663053E-01  3.75441267E+00
   1.23053799E+00 -1.02454188E-01  3.75479515E+00
   1.49179246E+00 -9.54944063E-02  3.75525796E+00
   1.75137766E+00 -8.83121686E-02  3.75577718E+00
   2.00932619E+00 -8.10683983E-02  3.75631486E+00
   2.26545703E+00 -7.37381676E-02  3.75686502E+00
   2.51961796E+00 -6.63263461E-02  3.75742162E+00
   2.77171517E+00 -5.88081101E-02  3.75797348E+00
   3.02162746E+00 -5.13023004E-02  3.75846206E+00
   3.26932849E+00 -4.37598778E-02  3.75895233E+00
   3.51466609E+00 -3.61651476E-02  3.75943347E+00
   3.75751842E+00 -2.84821832E-02  3.75990033E+00
   3.99775847E+00 -2.08186812E-02  3.76035402E+00
   4.23538189E+00 -1.31347472E-02  3.76079684E+00
   4.47022066E+00 -5.41806892E-03  3.76122590E+00
   4.70216867E+00  2.32514747E-03  3.76164116E+00
   4.93117698E+00  1.00828859E-02  3.76204181E+00
   5.15720328E+00  1.78472569E-02  3.76242616E+00
   5.38022618E+00  2.56516600E-02  3.76277581E+00
   5.60024674E+00  3.34049286E-02  3.76306598E+00
   5.81740784E+00  4.11456611E-02  3.76333996E+00
   6.03173360E+00  4.88969760E-02  3.76359091E+00
   6.24332947E+00  5.66970905E-02  3.76380367E+00
   6.45233263E+00  6.44560244E-02  3.76400306E+00
   6.65882240E+00  7.22299477E-02  3.76416963E+00
   6.86261676E+00  7.99640767E-02  3.76431729E+00
   7.06360436E+00  8.76813932E-02  3.76442401E+00
   7.26106347E+00  9.53061469E-02  3.76450910E+00
   7.45459532E+00  1.02814073E-01  3.76454481E+00
   7.64310364E+00  1.10174165E-01  3.76454893E+00
   7.82680011E+00  1.17343561E-01  3.76451183E+00
   8.00724162E+00  1.24479195E-01  3.76443227E+00
   8.17694890E+00  1.31561736E-01  3.76435035E+00
   8.31494646E+00  1.37830871E-01  3.76432955E+00
   8.43096540E+00  1.43337384E-01  3.76432033E+00
   8.53235879E+00  1.48340028E-01  3.76430656E+00
   8.62394726E+00  1.53000636E-01  3.76428437E+00
   8.70816621E+00  1.57392100E-01  3.76425461E+00
   8.78013071E+00  1.61241224E-01  3.76422675E+00
   8.84906647E+00  1.64959182E-01  3.76417237E+00
   8.91013361E+00  1.68303988E-01  3.76412544E+00
   8.96903461E+00  1.71579583E-01  3.76406512E+00
   9.02514297E+00  1.74724285E-01  3.76400303E+00
   9.07790976E+00  1.77721243E-01  3.76393987E+00
   9.12926972E+00  1.80678254E-01  3.76386825E+00
   9.17974179E+00  1.83600156E-01  3.76379310E+00
   9.22706333E+00  1.86376133E-01  3.76372059E+00
   9.27380896E+00  1.89149443E-01  3.76363980E+00
   9.32013314E+00  1.91912830E-01  3.76355534E+00
   9.36361915E+00  1.94540841E-01  3.76347465E+00
   9.40669614E+00  1.97170073E-01  3.76338583E+00
   9.44965564E+00  1.99804868E-01  3.76329248E+00
   9.49001019E+00  2.02311686E-01  3.76320355E+00
   9.53002134E+00  2.04819715E-01  3.76310695E+00
   9.57014805E+00  2.07345724E-01  3.76300500E+00
   9.60790769E+00  2.09760581E-01  3.76290706E+00
   9.64612738E+00  2.12206421E-01  3.76279481E+00
   9.68288627E+00  2.14581551E-01  3.76268568E+00
   9.71845570E+00  2.16900959E-01  3.76257584E+00
   9.75389100E+00  2.19230242E-01  3.76245748E+00
   9.78952303E+00  2.21582918E-01  3.76233399E+00
   9.82315065E+00  2.23830067E-01  3.76221617E+00
   9.85651029E+00  2.26075890E-01  3.76209147E+00
   9.89066927E+00  2.28380812E-01  3.76195864E+00
   9.92295223E+00  2.30586676E-01  3.76183122E+00
   9.95508876E+00  2.32798606E-01  3.76169660E+00
   9.98827676E+00  2.35088527E-01  3.76154886E+00
   1.00201513E+01  2.37311410E-01  3.76140680E+00
   1.00512213E+01  2.39498929E-01  3.76126272E+00
   1.00831420E+01  2.41747215E-01  3.76110453E+00
   1.01141799E+01  2.43954173E-01  3.76094880E+00
   1.01444154E+01  2.46126173E-01  3.76079105E+00
   1.01756569E+01  2.48370101E-01  3.76061741E+00
   1.02061470E+01  2.50580571E-01  3.76044559E+00
   1.02356831E+01  2.52745016E-01  3.76027335E+00
   1.02661717E+01  2.54976676E-01  3.76008428E+00
   1.02957987E+01  2.57165688E-01  3.75989792E+00
   1.03244575E+01  2.59304494E-01  3.75971108E+00
   1.03541112E+01  2.61512820E-01  3.75950556E+00
   1.03829191E+01  2.63678648E-01  3.75930294E+00
   1.04108327E+01  2.65797121E-01  3.75909923E+00
   1.04395940E+01  2.67975202E-01  3.75887709E+00
   1.04674568E+01  2.70104453E-01  3.75865854E+00
   1.04943437E+01  2.72176926E-01  3.75843975E+00
   1.05218714E+01  2.74293196E-01  3.75820337E+00
   1.05486273E+01  2.76371114E-01  3.75796827E+00
   1.05750968E+01  2.78430744E-01  3.75772655E+00
   1.06013608E+01  2.80482144E-01  3.75747757E+00
   1.06272701E+01  2.82515123E-01  3.75722327E+00
   1.06528364E+01  2.84527834E-01  3.75696318E+00
   1.06780864E+01  2.86521383E-01  3.75669674E+00
   1.07030349E+01  2.88496671E-01  3.75642365E+00
   1.07275536E+01  2.90443227E-01  3.75614392E+00
   1.07518627E+01  2.92374975E-01  3.75585035E+00
   1.07758234E+01  2.94280726E-01  3.75554037E+00
   1.07994128E+01  2.96159230E-01  3.75522366E+00
   1.08227418E+01  2.98017273E-01  3.75489812E+00
   1.08457721E+01  2.99852336E-01  3.75456447E+00
   1.08683545E+01  3.01653421E-01  3.75422601E+00
   1.08907422E+01  3.03434889E-01  3.75387723E+00
   1.09127919E+01  3.05188320E-01  3.75352091E+00
   1.09345225E+01  3.06912306E-01  3.75315634E+00
   1.09558772E+01  3.08603125E-01  3.75278526E+00
   1.09769896E+01  3.10267471E-01  3.75240426E+00
   1.09977767E+01  3.11899557E-01  3.75201488E+00
   1.10182679E+01  3.13499635E-01  3.75161638E+00
   1.10383516E+01  3.15060389E-01  3.75121197E+00
   1.10582156E+01  3.16590190E-01  3.75079595E+00
   1.10777730E+01  3.18085090E-01  3.75037094E+00
   1.10969356E+01  3.19537873E-01  3.74993953E+00
   1.11158598E+01  3.20954265E-01  3.74949637E+00
   1.11344566E+01  3.22331972E-01  3.74904519E+00
   1.11527684E+01  3.23668809E-01  3.74858363E+00
   1.11707728E+01  3.24964202E-01  3.74811279E+00
   1.11884741E+01  3.26218981E-01  3.74763402E+00
   1.12058455E+01  3.27426029E-01  3.74714599E+00
   1.12229474E+01  3.28589768E-01  3.74664749E+00
   1.12397749E+01  3.29706894E-01  3.74613786E+00
   1.12562770E+01  3.30774951E-01  3.74561938E+00
   1.12724965E+01  3.31792792E-01  3.74508995E+00
   1.12884045E+01  3.32759114E-01  3.74455093E+00
   1.13040343E+01  3.33674271E-01  3.74400120E+00
   1.13193588E+01  3.34534251E-01  3.74344120E+00
   1.13344189E+01  3.35319345E-01  3.74283133E+00
   1.13491864E+01  3.36041559E-01  3.74219388E+00
   1.13636259E+01  3.36703350E-01  3.74154571E+00
   1.13777856E+01  3.37306764E-01  3.74088532E+00
   1.13916708E+01  3.37848894E-01  3.74021192E+00
   1.14052872E+01  3.38331822E-01  3.73952629E+00
   1.14185854E+01  3.38752612E-01  3.73882930E+00
   1.14316278E+01  3.39113606E-01  3.73811869E+00
   1.14443520E+01  3.39414284E-01  3.73740006E+00
   1.14568148E+01  3.39656438E-01  3.73667067E+00
   1.14689826E+01  3.39839617E-01  3.73593294E+00
   1.14808746E+01  3.39966384E-01  3.73518684E+00
   1.14925044E+01  3.40042057E-01  3.73443323E+00
   1.15038305E+01  3.40065564E-01  3.73367503E+00
   1.15148849E+01  3.40037972E-01  3.73290793E+00
   1.15256940E+01  3.39897813E-01  3.73205652E+00
   1.15361929E+01  3.39723523E-01  3.73120535E+00
   1.15464519E+01  3.39509183E-01  3.73034829E+00
   1.15564427E+01  3.39260721E-01  3.72949038E+00
   1.15661613E+01  3.38982766E-01  3.72862885E+00
   1.15756437E+01  3.38679243E-01  3.72776510E+00
   1.15848452E+01  3.38360836E-01  3.72690801E+00
   1.15938167E+01  3.38037723E-01  3.72605619E+00
   1.16025414E+01  3.37710366E-01  3.72521175E+00
   1.16110289E+01  3.37387647E-01  3.72437660E+00
   1.16192858E+01  3.37081303E-01  3.72355229E+00
   1.16273393E+01  3.36735866E-01  3.72269386E+00
   1.16351480E+01  3.36371616E-01  3.72180874E+00
   1.16427631E+01  3.36040958E-01  3.72093562E+00
   1.16501697E+01  3.35745919E-01  3.72007899E+00
   1.16573731E+01  3.35490529E-01  3.71924002E+00
   1.16643983E+01  3.35261645E-01  3.71840465E+00
   1.16712327E+01  3.35074538E-01  3.71758251E+00
   1.16778919E+01  3.34944430E-01  3.71678020E+00
   1.16843846E+01  3.34866562E-01  3.71599669E+00
   1.16907063E+01  3.34854743E-01  3.71523581E+00
   1.16968803E+01  3.34900357E-01  3.71449372E+00
   1.17028961E+01  3.35012012E-01  3.71377375E+00
   1.17087701E+01  3.35163248E-01  3.71305741E+00
   1.17145113E+01  3.35305486E-01  3.71231122E+00
   1.17201120E+01  3.35530619E-01  3.71158861E+00
   1.17255890E+01  3.35825825E-01  3.71088786E+00
   1.17309461E+01  3.36187731E-01  3.71020834E+00
   1.17361786E+01  3.36615440E-01  3.70955118E+00
   1.17413028E+01  3.37107068E-01  3.70891062E+00
   1.17463223E+01  3.37634599E-01  3.70827428E+00
   1.17512321E+01  3.38230612E-01  3.70765907E+00
   1.17560433E+01  3.38890301E-01  3.70706391E+00
   1.17607627E+01  3.39614688E-01  3.70648840E+00
   1.17653841E+01  3.40399821E-01  3.70593360E+00
   1.17699182E+01  3.41243434E-01  3.70539716E+00
   1.17743685E+01  3.42143175E-01  3.70487871E+00
   1.17787389E+01  3.43097295E-01  3.70437755E+00
   1.17830256E+01  3.44102294E-01  3.70389393E+00
   1.17872362E+01  3.45161377E-01  3.70342737E+00
   1.17913747E+01  3.46266748E-01  3.70297691E+00
   1.17954445E+01  3.47420471E-01  3.70254134E+00
   1.17994413E+01  3.48571007E-01  3.70209656E+00
   1.18033727E+01  3.49764696E-01  3.70166229E+00
   1.18072403E+01  3.51002181E-01  3.70124278E+00
   1.18110481E+01  3.52280312E-01  3.70083747E+00
   1.18147950E+01  3.53595917E-01  3.70044626E+00
   1.18184823E+01  3.54939563E-01  3.70006454E+00
   1.18221120E+01  3.56288350E-01  3.69968415E+00
   1.18256886E+01  3.57678628E-01  3.69931583E+00
   1.18292133E+01  3.59100732E-01  3.69895976E+00
   1.18326893E+01  3.60552669E-01  3.69861532E+00
   1.18361128E+01  3.62030425E-01  3.69828264E+00
   1.18394880E+01  3.63533621E-01  3.69796099E+00
   1.18428136E+01  3.65059636E-01  3.69765022E+00
   1.18460939E+01  3.66608102E-01  3.69734966E+00
   1.18493307E+01  3.68177921E-01  3.69705888E+00
   1.18525252E+01  3.69765384E-01  3.69677647E+00
   1.18556796E+01  3.71361087E-01  3.69649744E+00
   1.18587915E+01  3.72974884E-01  3.69622727E+00
   1.18618624E+01  3.74597305E-01  3.69596673E+00
   1.18648940E+01  3.76242644E-01  3.69571336E+00
   1.18678872E+01  3.77901570E-01  3.69546781E+00
   1.18708412E+01  3.79571609E-01  3.69522992E+00
   1.18737598E+01  3.81253495E-01  3.69499916E+00
   1.18766432E+01  3.82945940E-01  3.69477530E+00
   1.18794928E+01  3.84648411E-01  3.69455805E+00
   1.18823069E+01  3.86358544E-01  3.69434735E+00
   1.18850892E+01  3.88077214E-01  3.69414273E+00
   1.18878402E+01  3.89803667E-01  3.69394398E+00
   1.18905578E+01  3.91535284E-01  3.69375109E+00
   1.18932459E+01  3.93273504E-01  3.69356361E+00
   1.18959047E+01  3.95017354E-01  3.69338139E+00
   1.18985319E+01  3.96765718E-01  3.69320463E+00
   1.19011315E+01  3.98505092E-01  3.69303428E+00
   1.19037041E+01  4.00253927E-01  3.69286365E+00
   1.19062462E+01  4.02000091E-01  3.69269523E+00
   1.19087628E+01  4.03751253E-01  3.69253118E+00
   1.19112533E+01  4.05504997E-01  3.69237142E+00
   1.19137157E+01  4.07258918E-01  3.69221597E+00
   1.19161535E+01  4.09014578E-01  3.69206451E+00
   1.19185666E+01  4.10771136E-01  3.69191690E+00
   1.19209533E+01  4.12526549E-01  3.69177318E+00
   1.19233171E+01  4.14282773E-01  3.69163299E+00
   1.19256546E+01  4.16036610E-01  3.69149646E+00
   1.19279701E+01  4.17791985E-01  3.69136340E+00
   1.19302631E+01  4.19527296E-01  3.69123584E+00
   1.19325325E+01  4.21278746E-01  3.69110937E+00
   1.19347802E+01  4.23030040E-01  3.69098603E+00
   1.19370043E+01  4.24778018E-01  3.69086569E+00
   1.19392086E+01  4.26524838E-01  3.69074811E+00
   1.19413925E+01  4.28269740E-01  3.69063321E+00
   1.19435544E+01  4.30010651E-01  3.69052102E+00
   1.19456978E+01  4.31749930E-01  3.69041127E+00
   1.19478195E+01  4.33484989E-01  3.69030411E+00
   1.19499245E+01  4.35222087E-01  3.69019956E+00
   1.19520077E+01  4.36926526E-01  3.69010019E+00
   1.19540753E+01  4.38654496E-01  3.69000016E+00
   1.19561242E+01  4.40380551E-01  3.68990240E+00
   1.19581542E+01  4.42102718E-01  3.68980670E+00
   1.19601668E+01  4.43821347E-01  3.68971297E+00
   1.19621593E+01  4.45533778E-01  3.68962125E+00
   1.19641360E+01  4.47243676E-01  3.68953132E+00
   1.19660929E+01  4.48948359E-01  3.68944346E+00
   1.19680347E+01  4.50608204E-01  3.68935592E+00
   1.19699616E+01  4.52291497E-01  3.68926426E+00
   1.19718698E+01  4.53971026E-01  3.68917456E+00
   1.19737647E+01  4.55649932E-01  3.68908623E+00
   1.19756431E+01  4.57323959E-01  3.68899947E+00
   1.19775078E+01  4.58995198E-01  3.68891408E+00
   1.19793542E+01  4.60659258E-01  3.68883026E+00
   1.19811866E+01  4.62321940E-01  3.68874798E+00
   1.19830019E+01  4.63941091E-01  3.68867127E+00
   1.19848058E+01  4.65593314E-01  3.68859182E+00
   1.19865912E+01  4.67238791E-01  3.68851415E+00
   1.19883669E+01  4.68884254E-01  3.68843749E+00
   1.19901265E+01  4.70523023E-01  3.68836215E+00
   1.19918747E+01  4.72159105E-01  3.68828787E+00
   1.19936082E+01  4.73791293E-01  3.68821492E+00
   1.19953267E+01  4.75375128E-01  3.68814788E+00
   1.19970340E+01  4.76995447E-01  3.68807731E+00
   1.19987251E+01  4.78610213E-01  3.68800821E+00
   1.20004064E+01  4.80226758E-01  3.68794105E+00
   1.20020745E+01  4.81840643E-01  3.68787611E+00
   1.20037317E+01  4.83449993E-01  3.68781212E+00
   1.20053738E+01  4.85055508E-01  3.68774951E+00
   1.20070045E+01  4.86606544E-01  3.68769277E+00
   1.20086230E+01  4.88196326E-01  3.68763193E+00
   1.20102290E+01  4.89783700E-01  3.68757229E+00
   1.20118242E+01  4.91368533E-01  3.68751333E+00
   1.20134104E+01  4.92951288E-01  3.68745509E+00
   1.20149820E+01  4.94529399E-01  3.68739804E+00
   1.20165431E+01  4.96048493E-01  3.68734730E+00
   1.20180929E+01  4.97608852E-01  3.68729186E+00
   1.20196282E+01  4.99167065E-01  3.68723752E+00
   1.20211595E+01  5.00728068E-01  3.68718363E+00
   1.20226792E+01  5.02283973E-01  3.68713041E+00
   1.20241852E+01  5.03836179E-01  3.68707835E+00
   1.20256819E+01  5.05323677E-01  3.68703281E+00
   1.20271682E+01  5.06855703E-01  3.68698206E+00
   1.20286410E+01  5.08387517E-01  3.68693225E+00
   1.20301106E+01  5.09922655E-01  3.68688284E+00
   1.20315682E+01  5.11452578E-01  3.68683414E+00
   1.20330133E+01  5.12913672E-01  3.68679266E+00
   1.20344520E+01  5.14426360E-01  3.68674524E+00
   1.20358739E+01  5.15934459E-01  3.68669891E+00
   1.20372965E+01  5.17449965E-01  3.68665288E+00
   1.20387048E+01  5.18956345E-01  3.68660746E+00
   1.20401050E+01  5.20463642E-01  3.68656290E+00
   1.20414937E+01  5.21893152E-01  3.68652552E+00
   1.20428770E+01  5.23378167E-01  3.68648185E+00
   1.20442450E+01  5.24861888E-01  3.68643908E+00
   1.20456143E+01  5.26353626E-01  3.68639661E+00
   1.20469648E+01  5.27833718E-01  3.68635492E+00
   1.20483142E+01  5.29244158E-01  3.68632076E+00
   1.20496521E+01  5.30692277E-01  3.68627302E+00
   1.20509815E+01  5.32143153E-01  3.68622471E+00
   1.20523006E+01  5.33593138E-01  3.68617679E+00
   1.20536170E+01  5.35047482E-01  3.68612916E+00
   1.20549176E+01  5.36413949E-01  3.68609021E+00
   1.20562196E+01  5.37848168E-01  3.68604351E+00
   1.20575045E+01  5.39280242E-01  3.68599766E+00
   1.20587902E+01  5.40724872E-01  3.68595307E+00
   1.20600595E+01  5.42156030E-01  3.68590769E+00
   1.20613282E+01  5.43501645E-01  3.68587228E+00
   1.20625876E+01  5.44911178E-01  3.68582800E+00
   1.20638362E+01  5.46326925E-01  3.68578454E+00
   1.20650821E+01  5.47751401E-01  3.68574227E+00
   1.20663148E+01  5.49164315E-01  3.68569909E+00
   1.20675458E+01  5.50494158E-01  3.68566734E+00
   1.20687698E+01  5.51889295E-01  3.68562495E+00
   1.20699802E+01  5.53284903E-01  3.68558542E+00
   1.20711904E+01  5.54687858E-01  3.68554378E+00
   1.20723874E+01  5.56078352E-01  3.68550468E+00
   1.20735842E+01  5.57390266E-01  3.68547508E+00
   1.20747743E+01  5.58767624E-01  3.68543467E+00
   1.20759481E+01  5.60143099E-01  3.68539685E+00
   1.20771222E+01  5.61526416E-01  3.68535724E+00
   1.20782898E+01  5.62906269E-01  3.68532011E+00
   1.20794490E+01  5.64193076E-01  3.68529275E+00
   1.20806066E+01  5.65552628E-01  3.68525420E+00
   1.20817491E+01  5.66912613E-01  3.68521797E+00
   1.20828892E+01  5.68276380E-01  3.68518028E+00
   1.20840248E+01  5.69642632E-01  3.68514500E+00
   1.20851524E+01  5.70909976E-01  3.68511961E+00
   1.20862788E+01  5.72251199E-01  3.68508262E+00
   1.20873892E+01  5.73592456E-01  3.68504821E+00
   1.20885003E+01  5.74942515E-01  3.68501231E+00
   1.20896042E+01  5.76195515E-01  3.68498851E+00
   1.20907062E+01  5.77522600E-01  3.68495282E+00
   1.20917929E+01  5.78852504E-01  3.68491960E+00
   1.20928802E+01  5.80190035E-01  3.68488501E+00
   1.20939611E+01  5.81528842E-01  3.68485244E+00
   1.20950353E+01  5.82761470E-01  3.68483005E+00
   1.20961087E+01  5.84071449E-01  3.68479588E+00
   1.20971668E+01  5.85385116E-01  3.68476426E+00
   1.20982261E+01  5.86715221E-01  3.68473250E+00
   1.20992762E+01  5.88039855E-01  3.68470154E+00
   1.21003253E+01  5.89259353E-01  3.68468458E+00
   1.21013674E+01  5.90555902E-01  3.68465616E+00
   1.21024000E+01  5.91865900E-01  3.68462982E+00
   1.21034293E+01  5.93184126E-01  3.68460326E+00
   1.21044542E+01  5.94384940E-01  3.68458775E+00
   1.21054781E+01  5.95672482E-01  3.68456039E+00
   1.21064889E+01  5.96970457E-01  3.68453493E+00
   1.21074975E+01  5.98275326E-01  3.68450926E+00
   1.21085017E+01  5.99462318E-01  3.68449487E+00
   1.21095053E+01  6.00745896E-01  3.68446967E+00
   1.21104954E+01  6.02028991E-01  3.68444353E+00
   1.21114844E+01  6.03317195E-01  3.68441908E+00
   1.21124686E+01  6.04611475E-01  3.68439478E+00
   1.21134489E+01  6.05782956E-01  3.68438181E+00
   1.21144271E+01  6.07049430E-01  3.68435765E+00
   1.21153919E+01  6.08315183E-01  3.68433235E+00
   1.21163565E+01  6.09589868E-01  3.68430879E+00
   1.21173200E+01  6.10740926E-01  3.68429032E+00
   1.21182767E+01  6.11981012E-01  3.68426030E+00
   1.21192232E+01  6.13225813E-01  3.68422922E+00
   1.21201696E+01  6.14480262E-01  3.68420002E+00
   1.21211123E+01  6.15621696E-01  3.68418250E+00
   1.21220530E+01  6.16855110E-01  3.68415317E+00
   1.21229809E+01  6.18097288E-01  3.68412411E+00
   1.21239097E+01  6.19340334E-01  3.68409421E+00
   1.21248344E+01  6.20587549E-01  3.68406616E+00
   1.21257532E+01  6.21709843E-01  3.68404945E+00
   1.21266711E+01  6.22927160E-01  3.68402111E+00
   1.21275789E+01  6.24158695E-01  3.68399310E+00
   1.21284842E+01  6.25397012E-01  3.68396548E+00
   1.21293862E+01  6.26500896E-01  3.68395047E+00
   1.21302877E+01  6.27707218E-01  3.68392289E+00
   1.21311777E+01  6.28927491E-01  3.68389567E+00
   1.21320664E+01  6.30154535E-01  3.68386860E+00
   1.21329517E+01  6.31247890E-01  3.68385430E+00
   1.21338373E+01  6.32445208E-01  3.68382748E+00
   1.21347103E+01  6.33654241E-01  3.68380087E+00
   1.21355831E+01  6.34871406E-01  3.68377453E+00
   1.21364526E+01  6.35955832E-01  3.68376082E+00
   1.21373233E+01  6.37145330E-01  3.68373473E+00
   1.21381784E+01  6.38341044E-01  3.68370865E+00
   1.21390364E+01  6.39549772E-01  3.68368301E+00
   1.21398896E+01  6.40624192E-01  3.68366988E+00
   1.21407451E+01  6.41803984E-01  3.68364432E+00
   1.21415851E+01  6.42990344E-01  3.68361890E+00
   1.21424278E+01  6.44189061E-01  3.68359387E+00
   1.21432669E+01  6.45391463E-01  3.68356914E+00
   1.21441013E+01  6.46453161E-01  3.68355643E+00
   1.21449358E+01  6.47616478E-01  3.68353164E+00
   1.21457594E+01  6.48793736E-01  3.68350700E+00
   1.21465840E+01  6.49985074E-01  3.68348279E+00
   1.21474021E+01  6.51033351E-01  3.68347078E+00
   1.21482232E+01  6.52190415E-01  3.68344592E+00
   1.21490330E+01  6.53353929E-01  3.68342022E+00
   1.21498409E+01  6.54527815E-01  3.68339453E+00
   1.21506458E+01  6.55565224E-01  3.68338113E+00
   1.21514526E+01  6.56709133E-01  3.68335567E+00
   1.21522465E+01  6.57863385E-01  3.68333021E+00
   1.21530420E+01  6.59031252E-01  3.68330503E+00
   1.21538335E+01  6.60061944E-01  3.68329208E+00
   1.21546271E+01  6.61197819E-01  3.68326711E+00
   1.21554072E+01  6.62341865E-01  3.68324199E+00
   1.21561890E+01  6.63500527E-01  3.68321741E+00
   1.21569683E+01  6.64525793E-01  3.68320471E+00
   1.21577471E+01  6.65649572E-01  3.68318005E+00
   1.21585147E+01  6.66786195E-01  3.68315552E+00
   1.21592831E+01  6.67936842E-01  3.68313146E+00
   1.21600495E+01  6.68954762E-01  3.68311895E+00
   1.21608150E+01  6.70069014E-01  3.68309471E+00
   1.21615699E+01  6.71197599E-01  3.68307075E+00
   1.21623267E+01  6.72341289E-01  3.68304711E+00
   1.21630794E+01  6.73348421E-01  3.68303481E+00
   1.21638324E+01  6.74454888E-01  3.68301118E+00
   1.21645756E+01  6.75576886E-01  3.68298772E+00
   1.21653196E+01  6.76711132E-01  3.68296435E+00
   1.21660585E+01  6.77705650E-01  3.68295266E+00
   1.21668001E+01  6.78805423E-01  3.68292961E+00
   1.21675300E+01  6.79917327E-01  3.68290654E+00
   1.21682614E+01  6.81041919E-01  3.68288350E+00
   1.21689890E+01  6.82029733E-01  3.68287223E+00
   1.21697188E+01  6.83122092E-01  3.68284966E+00
   1.21704365E+01  6.84223871E-01  3.68282677E+00
   1.21711560E+01  6.85340211E-01  3.68280422E+00
   1.21718727E+01  6.86324305E-01  3.68279308E+00
   1.21725913E+01  6.87407743E-01  3.68277061E+00
   1.21732978E+01  6.88501416E-01  3.68274811E+00
   1.21740054E+01  6.89608092E-01  3.68272518E+00
   1.21747130E+01  6.90575007E-01  3.68270545E+00
   1.21754151E+01  6.91623445E-01  3.68267421E+00
   1.21761129E+01  6.92698769E-01  3.68264269E+00
   1.21768103E+01  6.93652344E-01  3.68262421E+00
   1.21775086E+01  6.94705293E-01  3.68259294E+00
   1.21781956E+01  6.95772281E-01  3.68256171E+00
   1.21788853E+01  6.96853290E-01  3.68253048E+00
   1.21795717E+01  6.97810842E-01  3.68251108E+00
   1.21802573E+01  6.98857810E-01  3.68248037E+00
   1.21809353E+01  6.99921893E-01  3.68244954E+00
   1.21816130E+01  7.00994264E-01  3.68241870E+00
   1.21822884E+01  7.01943037E-01  3.68239970E+00
   1.21829628E+01  7.02979971E-01  3.68236974E+00
   1.21836317E+01  7.04038418E-01  3.68233925E+00
   1.21842986E+01  7.05102062E-01  3.68230867E+00
   1.21849637E+01  7.06042610E-01  3.68229021E+00
   1.21856289E+01  7.07074107E-01  3.68226070E+00
   1.21862867E+01  7.08129295E-01  3.68223292E+00
   1.21869458E+01  7.09204354E-01  3.68221011E+00
   1.21875993E+01  7.10146131E-01  3.68219784E+00
   1.21882562E+01  7.11186066E-01  3.68217554E+00
   1.21889017E+01  7.12234881E-01  3.68215313E+00
   1.21895503E+01  7.13297795E-01  3.68213069E+00
   1.21901952E+01  7.14240591E-01  3.68211797E+00
   1.21908399E+01  7.15267465E-01  3.68209609E+00
   1.21914784E+01  7.16312586E-01  3.68207393E+00
   1.21921169E+01  7.17367885E-01  3.68205177E+00
   1.21927524E+01  7.18304780E-01  3.68203901E+00
   1.21933866E+01  7.19324206E-01  3.68201757E+00
   1.21940164E+01  7.20364476E-01  3.68199566E+00
   1.21946438E+01  7.21281262E-01  3.68198416E+00
   1.21952722E+01  7.22294215E-01  3.68196294E+00
   1.21958943E+01  7.23327135E-01  3.68194124E+00
   1.21965159E+01  7.24367364E-01  3.68191947E+00
   1.21971347E+01  7.25289184E-01  3.68190737E+00
   1.21977542E+01  7.26299315E-01  3.68188642E+00
   1.21983666E+01  7.27324735E-01  3.68186491E+00
   1.21989789E+01  7.28357948E-01  3.68184336E+00
   1.21995898E+01  7.29278248E-01  3.68183118E+00
   1.22001992E+01  7.30279266E-01  3.68181037E+00
   1.22008031E+01  7.31297776E-01  3.68178905E+00
   1.22014068E+01  7.32324192E-01  3.68176766E+00
   1.22020086E+01  7.33242718E-01  3.68175515E+00
   1.22026089E+01  7.34237391E-01  3.68173451E+00
   1.22032047E+01  7.35250427E-01  3.68171340E+00
   1.22037997E+01  7.36146844E-01  3.68170237E+00
   1.22043946E+01  7.37133882E-01  3.68168196E+00
   1.22049839E+01  7.38140796E-01  3.68166103E+00
   1.22055722E+01  7.39153144E-01  3.68163994E+00
   1.22061587E+01  7.40061967E-01  3.68162754E+00
   1.22067442E+01  7.41046636E-01  3.68160734E+00
   1.22073256E+01  7.42048615E-01  3.68158654E+00
   1.22079052E+01  7.43055171E-01  3.68156570E+00
   1.22084835E+01  7.43957175E-01  3.68155350E+00
   1.22090618E+01  7.44936885E-01  3.68153349E+00
   1.22096342E+01  7.45930678E-01  3.68151291E+00
   1.22102066E+01  7.46812919E-01  3.68150200E+00
   1.22107785E+01  7.47783695E-01  3.68148227E+00
   1.22113448E+01  7.48772371E-01  3.68146184E+00
   1.22119104E+01  7.49766023E-01  3.68144127E+00
   1.22124756E+01  7.50660209E-01  3.68142916E+00
   1.22130390E+01  7.51627330E-01  3.68140945E+00
   1.22135976E+01  7.52609916E-01  3.68138916E+00
   1.22141565E+01  7.53598160E-01  3.68136860E+00
   1.22147131E+01  7.54493842E-01  3.68135588E+00
   1.22152686E+01  7.55456994E-01  3.68133633E+00
   1.22158206E+01  7.56435284E-01  3.68131616E+00
   1.22163714E+01  7.57304098E-01  3.68130528E+00
   1.22169211E+01  7.58256979E-01  3.68128602E+00
   1.22174672E+01  7.59229539E-01  3.68126601E+00
   1.22180118E+01  7.60205493E-01  3.68124586E+00
   1.22185551E+01  7.61085815E-01  3.68123381E+00
   1.22190979E+01  7.62037868E-01  3.68121459E+00
   1.22196361E+01  7.63003993E-01  3.68119472E+00
   1.22201735E+01  7.63973877E-01  3.68117465E+00
   1.22207098E+01  7.64854696E-01  3.68116217E+00
   1.22212457E+01  7.65802576E-01  3.68114303E+00
   1.22217756E+01  7.66760916E-01  3.68112333E+00
   1.22223068E+01  7.67617775E-01  3.68111253E+00
   1.22228373E+01  7.68555614E-01  3.68109365E+00
   1.22233624E+01  7.69509318E-01  3.68107406E+00
   1.22238877E+01  7.70455211E-01  3.68104846E+00
   1.22244129E+01  7.71322366E-01  3.68103061E+00
   1.22249342E+01  7.72249078E-01  3.68100608E+00
   1.22254534E+01  7.73191617E-01  3.68098075E+00
   1.22259722E+01  7.74138748E-01  3.68095517E+00
   1.22264878E+01  7.74998656E-01  3.68093744E+00
   1.22270042E+01  7.75923500E-01  3.68091297E+00
   1.22275158E+01  7.76860047E-01  3.68088783E+00
   1.22280273E+01  7.77695940E-01  3.68087199E+00
   1.22285385E+01  7.78610601E-01  3.68084786E+00
   1.22290455E+01  7.79541729E-01  3.68082285E+00
   1.22295516E+01  7.80476532E-01  3.68079756E+00
   1.22300568E+01  7.81329896E-01  3.68077994E+00
   1.22305619E+01  7.82246057E-01  3.68075573E+00
   1.22310613E+01  7.83170900E-01  3.68073088E+00
   1.22315618E+01  7.84000475E-01  3.68071507E+00
   1.22320619E+01  7.84906395E-01  3.68069119E+00
   1.22325570E+01  7.85827146E-01  3.68066646E+00
   1.22330522E+01  7.86750873E-01  3.68064131E+00
   1.22335464E+01  7.87601920E-01  3.68062333E+00
   1.22340390E+01  7.88508458E-01  3.68059942E+00
   1.22345286E+01  7.89425687E-01  3.68057471E+00
   1.22350180E+01  7.90346285E-01  3.68054975E+00
   1.22355045E+01  7.91191684E-01  3.68053176E+00
   1.22359915E+01  7.92094089E-01  3.68050793E+00
   1.22364744E+01  7.93006132E-01  3.68048342E+00
   1.22369570E+01  7.93824888E-01  3.68046755E+00
   1.22374394E+01  7.94716633E-01  3.68044407E+00
   1.22379180E+01  7.95623073E-01  3.68041970E+00
   1.22383958E+01  7.96531872E-01  3.68039500E+00
   1.22388727E+01  7.97370164E-01  3.68037713E+00
   1.22393494E+01  7.98263761E-01  3.68035354E+00
   1.22398210E+01  7.99164621E-01  3.68032929E+00
   1.22402937E+01  7.99977244E-01  3.68031337E+00
   1.22407658E+01  8.00860678E-01  3.68029011E+00
   1.22412335E+01  8.01757005E-01  3.68026598E+00
   1.22417015E+01  8.02654562E-01  3.68024131E+00
   1.22421682E+01  8.03493085E-01  3.68022290E+00
   1.22426334E+01  8.04378504E-01  3.68019954E+00
   1.22430963E+01  8.05272077E-01  3.68017536E+00
   1.22435586E+01  8.06079927E-01  3.68015933E+00
   1.22440196E+01  8.06954292E-01  3.68013634E+00
   1.22444781E+01  8.07842543E-01  3.68011231E+00
   1.22449356E+01  8.08732438E-01  3.68008811E+00
   1.22453919E+01  8.09557670E-01  3.68007027E+00
   1.22458477E+01  8.10433274E-01  3.68004711E+00
   1.22463005E+01  8.11317845E-01  3.68002327E+00
   1.22467523E+01  8.12201585E-01  3.67999901E+00
   1.22472035E+01  8.13031096E-01  3.67998040E+00
   1.22476538E+01  8.13904203E-01  3.67995731E+00
   1.22481002E+01  8.14782990E-01  3.67993354E+00
   1.22485477E+01  8.15581956E-01  3.67991732E+00
   1.22489938E+01  8.16443421E-01  3.67989460E+00
   1.22494365E+01  8.17316166E-01  3.67987094E+00
   1.22498796E+01  8.18189484E-01  3.67984672E+00
   1.22503210E+01  8.19016187E-01  3.67982785E+00
   1.22507616E+01  8.19882146E-01  3.67980493E+00
   1.22511996E+01  8.20753458E-01  3.67978124E+00
   1.22516370E+01  8.21546700E-01  3.67976501E+00
   1.22520734E+01  8.22400381E-01  3.67974250E+00
   1.22525078E+01  8.23265547E-01  3.67971892E+00
   1.22529407E+01  8.24051108E-01  3.67970309E+00
   1.22533739E+01  8.24901445E-01  3.67968068E+00
   1.22538039E+01  8.25762690E-01  3.67965725E+00
   1.22542335E+01  8.26630288E-01  3.67963532E+00
   1.22546629E+01  8.27446115E-01  3.67962049E+00
   1.22550897E+01  8.28302217E-01  3.67960151E+00
   1.22555146E+01  8.29166214E-01  3.67958190E+00
   1.22559388E+01  8.30024638E-01  3.67956168E+00
   1.22563628E+01  8.30851777E-01  3.67954549E+00
   1.22567844E+01  8.31707584E-01  3.67952652E+00
   1.22572048E+01  8.32566895E-01  3.67950678E+00
   1.22576245E+01  8.33357316E-01  3.67949318E+00
   1.22580435E+01  8.34202619E-01  3.67947455E+00
   1.22584600E+01  8.35054934E-01  3.67945492E+00
   1.22588755E+01  8.35835588E-01  3.67944181E+00
   1.22592910E+01  8.36676691E-01  3.67942330E+00
   1.22597033E+01  8.37524042E-01  3.67940376E+00
   1.22601158E+01  8.38374279E-01  3.67938410E+00
   1.22605263E+01  8.39180753E-01  3.67936880E+00
   1.22609368E+01  8.40023168E-01  3.67934995E+00
   1.22613446E+01  8.40870643E-01  3.67933066E+00
   1.22617520E+01  8.41648622E-01  3.67931734E+00
   1.22621596E+01  8.42481696E-01  3.67929879E+00
   1.22625630E+01  8.43322499E-01  3.67927966E+00
   1.22629670E+01  8.44161707E-01  3.67925992E+00
   1.22633700E+01  8.44968331E-01  3.67924398E+00
   1.22637719E+01  8.45805470E-01  3.67922538E+00
   1.22641714E+01  8.46643784E-01  3.67920609E+00
   1.22645713E+01  8.47419294E-01  3.67919236E+00
   1.22649700E+01  8.48245308E-01  3.67917407E+00
   1.22653659E+01  8.49076964E-01  3.67915486E+00
   1.22657626E+01  8.49901922E-01  3.67913298E+00
   1.22661575E+01  8.50704079E-01  3.67911207E+00
   1.22665505E+01  8.51527343E-01  3.67908890E+00
   1.22669428E+01  8.52354188E-01  3.67906509E+00
   1.22673341E+01  8.53119852E-01  3.67904715E+00
   1.22677248E+01  8.53932912E-01  3.67902436E+00
   1.22681135E+01  8.54753858E-01  3.67900074E+00
   1.22685013E+01  8.55508795E-01  3.67898343E+00
   1.22688891E+01  8.56317538E-01  3.67896076E+00
   1.22692744E+01  8.57134787E-01  3.67893728E+00
   1.22696586E+01  8.57949476E-01  3.67891348E+00
   1.22700428E+01  8.58734463E-01  3.67889338E+00
   1.22704256E+01  8.59547243E-01  3.67887052E+00
   1.22708066E+01  8.60362499E-01  3.67884703E+00
   1.22711874E+01  8.61118569E-01  3.67882903E+00
   1.22715678E+01  8.61922843E-01  3.67880652E+00
   1.22719454E+01  8.62732042E-01  3.67878315E+00
   1.22723229E+01  8.63534513E-01  3.67875913E+00
   1.22726994E+01  8.64329774E-01  3.67873786E+00
   1.22730742E+01  8.65139088E-01  3.67871500E+00
   1.22734490E+01  8.65948124E-01  3.67869144E+00
   1.22738217E+01  8.66704229E-01  3.67867319E+00
   1.22741944E+01  8.67502526E-01  3.67865074E+00
   1.22745651E+01  8.68304521E-01  3.67862742E+00
   1.22749353E+01  8.69049424E-01  3.67860991E+00
   1.22753052E+01  8.69842772E-01  3.67858761E+00
   1.22756723E+01  8.70640296E-01  3.67856445E+00
   1.22760395E+01  8.71438362E-01  3.67854108E+00
   1.22764055E+01  8.72210952E-01  3.67852094E+00
   1.22767711E+01  8.73008014E-01  3.67849836E+00
   1.22771344E+01  8.73805339E-01  3.67847531E+00
   1.22774979E+01  8.74550671E-01  3.67845719E+00
   1.22778606E+01  8.75338325E-01  3.67843500E+00
   1.22782211E+01  8.76129987E-01  3.67841203E+00
   1.22785819E+01  8.76933812E-01  3.67838945E+00
   1.22789404E+01  8.77681231E-01  3.67837069E+00
   1.22792993E+01  8.78460844E-01  3.67834815E+00
   1.22796563E+01  8.79232049E-01  3.67832437E+00
   1.22800128E+01  8.80024680E-01  3.67830220E+00
   1.22803675E+01  8.80821005E-01  3.67827974E+00
   1.22807226E+01  8.81615339E-01  3.67825681E+00
   1.22810760E+01  8.82341752E-01  3.67823986E+00
   1.22814287E+01  8.83117278E-01  3.67821793E+00
   1.22817807E+01  8.83897863E-01  3.67819512E+00
   1.22821300E+01  8.84624134E-01  3.67817784E+00
   1.22824813E+01  8.85400368E-01  3.67815579E+00
   1.22828285E+01  8.86177509E-01  3.67813312E+00
   1.22831772E+01  8.86968733E-01  3.67811086E+00
   1.22835234E+01  8.87746099E-01  3.67808781E+00
   1.22838706E+01  8.88533391E-01  3.67806552E+00
   1.22842146E+01  8.89316157E-01  3.67804309E+00
   1.22845595E+01  8.90025015E-01  3.67802671E+00
   1.22849030E+01  8.90788783E-01  3.67800514E+00
   1.22852448E+01  8.91558001E-01  3.67798267E+00
   1.22855863E+01  8.92340754E-01  3.67796062E+00
   1.22859271E+01  8.93074100E-01  3.67794187E+00
   1.22862665E+01  8.93833003E-01  3.67791967E+00
   1.22866059E+01  8.94610791E-01  3.67789776E+00
   1.22869428E+01  8.95375681E-01  3.67787493E+00
   1.22872810E+01  8.96151242E-01  3.67785280E+00
   1.22876159E+01  8.96920573E-01  3.67783047E+00
   1.22879519E+01  8.97635125E-01  3.67781340E+00
   1.22882860E+01  8.98391310E-01  3.67779183E+00
   1.22886197E+01  8.99153318E-01  3.67776951E+00
   1.22889514E+01  8.99925013E-01  3.67774775E+00
   1.22892841E+01  9.00646663E-01  3.67772895E+00
   1.22896151E+01  9.01398600E-01  3.67770718E+00
   1.22899447E+01  9.02166226E-01  3.67768554E+00
   1.22902745E+01  9.02938636E-01  3.67766355E+00
   1.22906023E+01  9.03655692E-01  3.67764392E+00
   1.22909304E+01  9.04386035E-01  3.67762118E+00
   1.22912571E+01  9.05144305E-01  3.67759987E+00
   1.22915825E+01  9.05908544E-01  3.67757792E+00
   1.22919075E+01  9.06664770E-01  3.67755407E+00
   1.22922322E+01  9.07429772E-01  3.67753063E+00
   1.22925553E+01  9.08138973E-01  3.67751070E+00
   1.22928781E+01  9.08877351E-01  3.67748719E+00
   1.22931995E+01  9.09633220E-01  3.67746406E+00
   1.22935198E+01  9.10392973E-01  3.67744066E+00
   1.22938403E+01  9.11096032E-01  3.67741907E+00
   1.22941600E+01  9.11841423E-01  3.67739628E+00
   1.22944777E+01  9.12595519E-01  3.67737308E+00
   1.22947958E+01  9.13350923E-01  3.67734952E+00
   1.22951126E+01  9.14041366E-01  3.67732635E+00
   1.22954293E+01  9.14781050E-01  3.67730387E+00
   1.22957437E+01  9.15527880E-01  3.67728068E+00
   1.22960582E+01  9.16276321E-01  3.67725724E+00
   1.22963717E+01  9.17029864E-01  3.67723409E+00
   1.22966848E+01  9.17774336E-01  3.67721034E+00
   1.22969966E+01  9.18522412E-01  3.67718726E+00
   1.22973079E+01  9.19268349E-01  3.67716384E+00
   1.22976186E+01  9.19951033E-01  3.67714561E+00
   1.22979283E+01  9.20681066E-01  3.67712300E+00
   1.22982371E+01  9.21411214E-01  3.67709955E+00
   1.22985450E+01  9.22110334E-01  3.67707995E+00
   1.22988527E+01  9.22843386E-01  3.67705717E+00
   1.22991593E+01  9.23571367E-01  3.67703369E+00
   1.22994653E+01  9.24313123E-01  3.67701090E+00
   1.22997701E+01  9.25016602E-01  3.67699028E+00
   1.23000755E+01  9.25739646E-01  3.67696711E+00
   1.23003787E+01  9.26476577E-01  3.67694448E+00
   1.23006811E+01  9.27216360E-01  3.67692153E+00
   1.23009836E+01  9.27954940E-01  3.67689841E+00
   1.23012845E+01  9.28639787E-01  3.67687581E+00
   1.23015859E+01  9.29365608E-01  3.67685356E+00
   1.23018849E+01  9.30087017E-01  3.67682679E+00
   1.23021842E+01  9.30807771E-01  3.67679863E+00
   1.23024831E+01  9.31538321E-01  3.67677069E+00
   1.23027801E+01  9.32221209E-01  3.67674585E+00
   1.23030776E+01  9.32929269E-01  3.67671797E+00
   1.23033736E+01  9.33652714E-01  3.67669035E+00
   1.23036689E+01  9.34379761E-01  3.67666241E+00
   1.23039635E+01  9.35056671E-01  3.67663626E+00
   1.23042586E+01  9.35772635E-01  3.67660897E+00
   1.23045510E+01  9.36493637E-01  3.67658129E+00
   1.23048439E+01  9.37218643E-01  3.67655461E+00
   1.23051361E+01  9.37896027E-01  3.67653067E+00
   1.23054273E+01  9.38610444E-01  3.67650713E+00
   1.23057176E+01  9.39329528E-01  3.67648291E+00
   1.23060073E+01  9.40045238E-01  3.67645853E+00
   1.23062965E+01  9.40769796E-01  3.67643453E+00
   1.23065851E+01  9.41493995E-01  3.67641029E+00
   1.23068728E+01  9.42171210E-01  3.67638777E+00
   1.23071603E+01  9.42884341E-01  3.67636422E+00
   1.23074459E+01  9.43602368E-01  3.67634029E+00
   1.23077316E+01  9.44321382E-01  3.67631616E+00
   1.23080164E+01  9.44990847E-01  3.67629257E+00
   1.23083016E+01  9.45698030E-01  3.67626918E+00
   1.23085842E+01  9.46408237E-01  3.67624532E+00
   1.23088675E+01  9.47113068E-01  3.67622101E+00
   1.23091497E+01  9.47791539E-01  3.67619985E+00
   1.23094315E+01  9.48496005E-01  3.67617620E+00
   1.23097126E+01  9.49194365E-01  3.67615200E+00
   1.23099925E+01  9.49903130E-01  3.67612837E+00
   1.23102720E+01  9.50613652E-01  3.67610448E+00
   1.23105511E+01  9.51290257E-01  3.67608153E+00
   1.23108296E+01  9.51994162E-01  3.67605819E+00
   1.23111067E+01  9.52700974E-01  3.67603446E+00
   1.23113840E+01  9.53408402E-01  3.67601060E+00
   1.23116602E+01  9.54106889E-01  3.67598797E+00
   1.23119357E+01  9.54800196E-01  3.67596395E+00
   1.23122108E+01  9.55499615E-01  3.67594032E+00
   1.23124846E+01  9.56192656E-01  3.67591649E+00
   1.23127588E+01  9.56898660E-01  3.67589301E+00
   1.23130313E+01  9.57568788E-01  3.67587136E+00
   1.23133040E+01  9.58253758E-01  3.67584777E+00
   1.23135758E+01  9.58953528E-01  3.67582449E+00
   1.23138467E+01  9.59655408E-01  3.67580096E+00
   1.23141174E+01  9.60319589E-01  3.67577826E+00
   1.23143875E+01  9.61012568E-01  3.67575524E+00
   1.23146562E+01  9.61709625E-01  3.67573185E+00
   1.23149249E+01  9.62406378E-01  3.67570830E+00
   1.23151929E+01  9.63098050E-01  3.67568580E+00
   1.23154600E+01  9.63783106E-01  3.67566210E+00
   1.23157271E+01  9.64470343E-01  3.67563864E+00
   1.23159932E+01  9.65167431E-01  3.67561550E+00
   1.23162581E+01  9.65854185E-01  3.67559187E+00
   1.23165236E+01  9.66547998E-01  3.67556861E+00
   1.23167872E+01  9.67237016E-01  3.67554527E+00
   1.23170510E+01  9.67934160E-01  3.67552209E+00
   1.23173139E+01  9.68573720E-01  3.67550196E+00
   1.23175768E+01  9.69243439E-01  3.67547899E+00
   1.23178383E+01  9.69930295E-01  3.67545616E+00
   1.23180995E+01  9.70620738E-01  3.67543298E+00
   1.23183601E+01  9.71309430E-01  3.67540974E+00
   1.23186202E+01  9.71990804E-01  3.67538764E+00
   1.23188796E+01  9.72666621E-01  3.67536424E+00
   1.23191382E+01  9.73343615E-01  3.67534114E+00
   1.23193968E+01  9.74032764E-01  3.67531827E+00
   1.23196540E+01  9.74710566E-01  3.67529494E+00
   1.23199112E+01  9.75393494E-01  3.67527198E+00
   1.23201678E+01  9.76072068E-01  3.67524882E+00
   1.23204231E+01  9.76710291E-01  3.67522923E+00
   1.23206791E+01  9.77380108E-01  3.67520655E+00
   1.23209331E+01  9.78061536E-01  3.67518390E+00
   1.23211872E+01  9.78736568E-01  3.67516072E+00
   1.23214411E+01  9.79417021E-01  3.67513789E+00
   1.23216939E+01  9.80093930E-01  3.67511495E+00
   1.23219465E+01  9.80777533E-01  3.67509219E+00
   1.23221981E+01  9.81458997E-01  3.67506933E+00
   1.23224493E+01  9.82137603E-01  3.67504640E+00
   1.23226998E+01  9.82811067E-01  3.67502348E+00
   1.23229501E+01  9.83451476E-01  3.67500344E+00
   1.23231996E+01  9.84116352E-01  3.67498100E+00
   1.23234486E+01  9.84793553E-01  3.67495849E+00
   1.23236968E+01  9.85463837E-01  3.67493560E+00
   1.23239447E+01  9.86137734E-01  3.67491300E+00
   1.23241924E+01  9.86807506E-01  3.67489018E+00
   1.23244387E+01  9.87437342E-01  3.67487072E+00
   1.23246853E+01  9.88097711E-01  3.67484842E+00
   1.23249306E+01  9.88769619E-01  3.67482609E+00
   1.23251756E+01  9.89434883E-01  3.67480331E+00
   1.23254203E+01  9.90104544E-01  3.67478083E+00
   1.23256644E+01  9.90770649E-01  3.67475822E+00
   1.23259079E+01  9.91442888E-01  3.67473582E+00
   1.23261508E+01  9.92113538E-01  3.67471330E+00
   1.23263931E+01  9.92781898E-01  3.67469076E+00
   1.23266347E+01  9.93453245E-01  3.67466842E+00
   1.23268763E+01  9.94118920E-01  3.67464578E+00
   1.23271168E+01  9.94784990E-01  3.67462349E+00
   1.23273571E+01  9.95449657E-01  3.67460103E+00
   1.23275968E+01  9.96064215E-01  3.67458230E+00
   1.23278363E+01  9.96713973E-01  3.67456040E+00
   1.23280749E+01  9.97377344E-01  3.67453836E+00
   1.23283127E+01  9.98034578E-01  3.67451593E+00
   1.23285504E+01  9.98696047E-01  3.67449373E+00
   1.23287876E+01  9.99351984E-01  3.67447135E+00
   1.23290241E+01  1.00001408E+00  3.67444925E+00
   1.23292600E+01  1.00063691E+00  3.67442914E+00
   1.23294962E+01  1.00129254E+00  3.67440740E+00
   1.23297308E+01  1.00194240E+00  3.67438516E+00
   1.23299653E+01  1.00259839E+00  3.67436312E+00
   1.23301993E+01  1.00325127E+00  3.67434092E+00
   1.23304325E+01  1.00390970E+00  3.67431897E+00
   1.23306657E+01  1.00456854E+00  3.67429684E+00
   1.23308980E+01  1.00522420E+00  3.67427476E+00
   1.23311299E+01  1.00588408E+00  3.67425282E+00
   1.23313617E+01  1.00653868E+00  3.67423063E+00
   1.23315921E+01  1.00719177E+00  3.67420873E+00
   1.23318227E+01  1.00784329E+00  3.67418668E+00
   1.23320525E+01  1.00845655E+00  3.67416757E+00
   1.23322822E+01  1.00909656E+00  3.67414597E+00
   1.23325109E+01  1.00974589E+00  3.67412322E+00
   1.23327394E+01  1.01038765E+00  3.67409809E+00
   1.23329672E+01  1.01103238E+00  3.67407310E+00
   1.23331951E+01  1.01167306E+00  3.67404793E+00
   1.23334220E+01  1.01231791E+00  3.67402300E+00
   1.23336482E+01  1.01293200E+00  3.67399982E+00
   1.23338748E+01  1.01357366E+00  3.67397522E+00
   1.23340996E+01  1.01421756E+00  3.67395037E+00
   1.23343249E+01  1.01486024E+00  3.67392533E+00
   1.23345494E+01  1.01549713E+00  3.67390034E+00
   1.23347735E+01  1.01614112E+00  3.67387558E+00
   1.23349975E+01  1.01678525E+00  3.67385065E+00
   1.23352202E+01  1.01742566E+00  3.67382580E+00
   1.23354429E+01  1.01807118E+00  3.67380102E+00
   1.23356650E+01  1.01871053E+00  3.67377609E+00
   1.23358867E+01  1.01934947E+00  3.67375133E+00
   1.23361079E+01  1.01999244E+00  3.67372664E+00
   1.23363287E+01  1.02062977E+00  3.67370176E+00
   1.23365491E+01  1.02126844E+00  3.67367713E+00
   1.23367688E+01  1.02190343E+00  3.67365241E+00
   1.23369882E+01  1.02249535E+00  3.67363120E+00
   1.23372071E+01  1.02311659E+00  3.67360705E+00
   1.23374256E+01  1.02375197E+00  3.67358270E+00
   1.23376432E+01  1.02438233E+00  3.67355807E+00
   1.23378609E+01  1.02501535E+00  3.67353354E+00
   1.23380779E+01  1.02565322E+00  3.67350908E+00
   1.23382945E+01  1.02628343E+00  3.67348443E+00
   1.23385109E+01  1.02691703E+00  3.67345999E+00
   1.23387263E+01  1.02754667E+00  3.67343553E+00
   1.23389415E+01  1.02818100E+00  3.67341114E+00
   1.23391565E+01  1.02881440E+00  3.67338669E+00
   1.23393708E+01  1.02944556E+00  3.67336227E+00
   1.23395846E+01  1.03007955E+00  3.67333795E+00
   1.23397982E+01  1.03070945E+00  3.67331348E+00
   1.23400112E+01  1.03133840E+00  3.67328921E+00
   1.23402236E+01  1.03196427E+00  3.67326488E+00
   1.23404358E+01  1.03255565E+00  3.67324338E+00
   1.23406474E+01  1.03316964E+00  3.67321953E+00
   1.23408587E+01  1.03379623E+00  3.67319552E+00
   1.23410693E+01  1.03442354E+00  3.67317136E+00
   1.23412796E+01  1.03504873E+00  3.67314713E+00
   1.23414899E+01  1.03567893E+00  3.67312301E+00
   1.23416988E+01  1.03629984E+00  3.67309880E+00
   1.23419082E+01  1.03692394E+00  3.67307473E+00
   1.23421166E+01  1.03754355E+00  3.67305066E+00
   1.23423248E+01  1.03816753E+00  3.67302668E+00
   1.23425326E+01  1.03879107E+00  3.67300263E+00
   1.23427399E+01  1.03941354E+00  3.67297862E+00
   1.23429467E+01  1.04003902E+00  3.67295498E+00
   1.23431535E+01  1.04066207E+00  3.67293127E+00
   1.23433595E+01  1.04128204E+00  3.67290773E+00
   1.23435649E+01  1.04190509E+00  3.67288424E+00
   1.23437702E+01  1.04252572E+00  3.67286063E+00
   1.23439747E+01  1.04314422E+00  3.67283720E+00
   1.23441793E+01  1.04376160E+00  3.67281367E+00
   1.23443831E+01  1.04434338E+00  3.67279284E+00
   1.23445868E+01  1.04494787E+00  3.67276978E+00
   1.23447900E+01  1.04556410E+00  3.67274660E+00
   1.23449923E+01  1.04618056E+00  3.67272329E+00
   1.23451947E+01  1.04679650E+00  3.67269989E+00
   1.23453965E+01  1.04741573E+00  3.67267662E+00
   1.23455979E+01  1.04802927E+00  3.67265322E+00
   1.23457991E+01  1.04864250E+00  3.67262996E+00
   1.23459997E+01  1.04925970E+00  3.67260678E+00
   1.23462000E+01  1.04987175E+00  3.67258345E+00
   1.23463999E+01  1.05048444E+00  3.67256030E+00
   1.23465992E+01  1.05109415E+00  3.67253712E+00
   1.23467981E+01  1.05170648E+00  3.67251402E+00
   1.23469969E+01  1.05227828E+00  3.67249308E+00
   1.23471951E+01  1.05288126E+00  3.67247050E+00
   1.23473929E+01  1.05348978E+00  3.67244754E+00
   1.23475904E+01  1.05409780E+00  3.67242447E+00
   1.23477871E+01  1.05470982E+00  3.67240153E+00
   1.23479842E+01  1.05531657E+00  3.67237837E+00
   1.23481801E+01  1.05592270E+00  3.67235546E+00
   1.23483760E+01  1.05652377E+00  3.67233244E+00
   1.23485715E+01  1.05712851E+00  3.67230960E+00
   1.23487665E+01  1.05773369E+00  3.67228672E+00
   1.23489612E+01  1.05834216E+00  3.67226386E+00
   1.23491556E+01  1.05894604E+00  3.67224092E+00
   1.23493495E+01  1.05955161E+00  3.67221812E+00
   1.23495430E+01  1.06015400E+00  3.67219527E+00
   1.23497361E+01  1.06075865E+00  3.67217252E+00
   1.23499287E+01  1.06136251E+00  3.67214976E+00
   1.23501213E+01  1.06196672E+00  3.67212698E+00
   1.23503130E+01  1.06257141E+00  3.67210429E+00
   1.23505047E+01  1.06317481E+00  3.67208153E+00
   1.23506960E+01  1.06377665E+00  3.67205886E+00
   1.23508865E+01  1.06437932E+00  3.67203625E+00
   1.23510773E+01  1.06498180E+00  3.67201353E+00
   1.23512671E+01  1.06558163E+00  3.67199097E+00
   1.23514568E+01  1.06618407E+00  3.67196840E+00
   1.23516461E+01  1.06677729E+00  3.67194573E+00
   1.23518351E+01  1.06736853E+00  3.67192362E+00
   1.23520238E+01  1.06796795E+00  3.67190120E+00
   1.23522117E+01  1.06856397E+00  3.67187871E+00
   1.23523996E+01  1.06916077E+00  3.67185627E+00
   1.23525871E+01  1.06976036E+00  3.67183385E+00
   1.23527741E+01  1.07034951E+00  3.67181133E+00
   1.23529608E+01  1.07093747E+00  3.67178934E+00
   1.23531474E+01  1.07153418E+00  3.67176708E+00
   1.23533333E+01  1.07212699E+00  3.67174470E+00
   1.23535188E+01  1.07272016E+00  3.67172243E+00
   1.23537041E+01  1.07331154E+00  3.67170012E+00
   1.23538887E+01  1.07390387E+00  3.67167791E+00
   1.23540736E+01  1.07449761E+00  3.67165563E+00
   1.23542575E+01  1.07508750E+00  3.67163343E+00
   1.23544413E+01  1.07567966E+00  3.67161126E+00
   1.23546249E+01  1.07627200E+00  3.67158905E+00
   1.23548079E+01  1.07686085E+00  3.67156690E+00
   1.23549909E+01  1.07745189E+00  3.67154478E+00
   1.23551730E+01  1.07804240E+00  3.67152268E+00
   1.23553550E+01  1.07862989E+00  3.67150060E+00
   1.23555369E+01  1.07921949E+00  3.67147855E+00
   1.23557181E+01  1.07980924E+00  3.67145651E+00
   1.23558990E+01  1.08039534E+00  3.67143451E+00
   1.23560799E+01  1.08098413E+00  3.67141252E+00
   1.23562601E+01  1.08157247E+00  3.67139054E+00
   1.23564399E+01  1.08215734E+00  3.67136862E+00
   1.23566196E+01  1.08274472E+00  3.67134671E+00
   1.23567985E+01  1.08332486E+00  3.67132478E+00
   1.23569778E+01  1.08390345E+00  3.67130325E+00
   1.23571561E+01  1.08448736E+00  3.67128151E+00
   1.23573343E+01  1.08507194E+00  3.67125968E+00
   1.23575124E+01  1.08565543E+00  3.67123787E+00
   1.23576895E+01  1.08623920E+00  3.67121614E+00
