   1.00000000E-06  1.04641617E+00  3.66936925E+00
   1.80000000E-06  1.04527289E+00  3.66940549E+00
   2.44000000E-06  1.04435114E+00  3.66943551E+00
   3.24000000E-06  1.04320755E+00  3.66947222E+00
   4.24000000E-06  1.04178721E+00  3.66951756E+00
   5.49000000E-06  1.04002217E+00  3.66957390E+00
   7.05250000E-06  1.03783139E+00  3.66964386E+00
   9.00562500E-06  1.03511751E+00  3.66973048E+00
   1.14470312E-05  1.03176326E+00  3.66983742E+00
   1.44987891E-05  1.02762843E+00  3.66996908E+00
   1.83134863E-05  1.02258528E+00  3.67013129E+00
   2.30818579E-05  1.01636689E+00  3.67032868E+00
   2.90423224E-05  1.00884192E+00  3.67056663E+00
   3.64929030E-05  9.99728470E-01  3.67085408E+00
   4.58061287E-05  9.90456334E-01  3.67162779E+00
   5.74476609E-05  9.79476704E-01  3.67259229E+00
   7.19995761E-05  9.66804080E-01  3.67382983E+00
   9.01894702E-05  9.51928855E-01  3.67531942E+00
   1.12926838E-04  9.34573932E-01  3.67705191E+00
   1.41348547E-04  9.13153412E-01  3.67870022E+00
   1.76875684E-04  8.84219517E-01  3.67935649E+00
   2.21284605E-04  8.51906597E-01  3.68007412E+00
   2.76795756E-04  8.15808799E-01  3.68073344E+00
   3.46184695E-04  7.76386078E-01  3.68141028E+00
   4.32920869E-04  7.33885242E-01  3.68211508E+00
   5.41341086E-04  6.88076503E-01  3.68272053E+00
   6.76866358E-04  6.38991472E-01  3.68311658E+00
   8.46272947E-04  5.88091214E-01  3.68355641E+00
   1.05803118E-03  5.35579391E-01  3.68395150E+00
   1.32272898E-03  4.81943269E-01  3.68424344E+00
   1.65360123E-03  4.29058940E-01  3.68473969E+00
   2.06719153E-03  3.78408690E-01  3.68563532E+00
   2.58417941E-03  3.31836511E-01  3.68716443E+00
   3.23041427E-03  2.93050106E-01  3.68998856E+00
   4.03710251E-03  2.66256982E-01  3.69472634E+00
   4.94262433E-03  2.59147417E-01  3.70187844E+00
   5.92355161E-03  2.74479503E-01  3.71154411E+00
   6.94808478E-03  3.14908347E-01  3.72358446E+00
   7.97974024E-03  3.83356271E-01  3.73763230E+00
   8.98284635E-03  4.82825739E-01  3.75327423E+00
   9.92745404E-03  6.09101594E-01  3.77065755E+00
   1.06831402E-02  7.15820781E-01  3.78711546E+00
   1.12876891E-02  7.85138764E-01  3.80201830E+00
   1.17713282E-02  8.18469837E-01  3.81445757E+00
   1.21582395E-02  8.25374303E-01  3.82373109E+00
   1.24677686E-02  8.16694854E-01  3.82980455E+00
   1.27153918E-02  8.00788597E-01  3.83303279E+00
   1.29499305E-02  7.79106737E-01  3.83459531E+00
   1.32431038E-02  7.46692423E-01  3.83465567E+00
   1.36095704E-02  7.07094771E-01  3.83310184E+00
   1.40676537E-02  6.70058438E-01  3.83124074E+00
   1.46402578E-02  6.46222962E-01  3.82997602E+00
   1.53560129E-02  6.40865692E-01  3.83043880E+00
   1.62507068E-02  6.50505105E-01  3.83295647E+00
   1.73690741E-02  6.67136809E-01  3.83741539E+00
   1.87670334E-02  6.83083396E-01  3.84292624E+00
   2.05144824E-02  6.92639080E-01  3.84814462E+00
   2.26987936E-02  6.94979478E-01  3.85147634E+00
   2.54291827E-02  6.94288207E-01  3.85328199E+00
   2.88421691E-02  6.93743872E-01  3.85441359E+00
   3.31084021E-02  6.93854445E-01  3.85516641E+00
   3.84411932E-02  6.94302943E-01  3.85569311E+00
   4.51071822E-02  6.94924858E-01  3.85606359E+00
   5.34396685E-02  6.95669375E-01  3.85631447E+00
   6.38552763E-02  6.96559227E-01  3.85647336E+00
   7.68747860E-02  6.97626786E-01  3.85655661E+00
   9.31491732E-02  6.98928219E-01  3.85657708E+00
   1.13492157E-01  7.00495522E-01  3.85653215E+00
   1.38920887E-01  7.02432991E-01  3.85642635E+00
   1.70706800E-01  7.04789453E-01  3.85624102E+00
   2.10439190E-01  7.07741254E-01  3.85597935E+00
   2.60104678E-01  7.11348042E-01  3.85558336E+00
   3.22186539E-01  7.15845200E-01  3.85503830E+00
   3.99788864E-01  7.21319564E-01  3.85421036E+00
   4.77027551E-01  7.27009265E-01  3.85340069E+00
   5.53390198E-01  7.32585074E-01  3.85250144E+00
   6.28936965E-01  7.38092902E-01  3.85149774E+00
   7.00803572E-01  7.43002658E-01  3.85036565E+00
   7.73554724E-01  7.48336936E-01  3.84921746E+00
   8.41593305E-01  7.52862470E-01  3.84788888E+00
   9.08012481E-01  7.57255060E-01  3.84644174E+00
   9.76547377E-01  7.62380837E-01  3.84507277E+00
   1.04195069E+00  7.66370002E-01  3.84346015E+00
   1.10880189E+00  7.71478151E-01  3.84194812E+00
   1.16994469E+00  7.74883936E-01  3.84018257E+00
   1.23000316E+00  7.78584477E-01  3.83819240E+00
   1.28862182E+00  7.82088582E-01  3.83633026E+00
   1.34591456E+00  7.85425118E-01  3.83440129E+00
   1.40195760E+00  7.88586077E-01  3.83238039E+00
   1.45682073E+00  7.91568424E-01  3.83028261E+00
   1.51057832E+00  7.94331760E-01  3.82813480E+00
   1.56331353E+00  7.96981650E-01  3.82597359E+00
   1.61277679E+00  7.99272872E-01  3.82392019E+00
   1.66150002E+00  8.01302589E-01  3.82177517E+00
   1.70943253E+00  8.03239655E-01  3.81958649E+00
   1.75660376E+00  8.05004164E-01  3.81732406E+00
   1.80136555E+00  8.06480117E-01  3.81514290E+00
   1.84555919E+00  8.07789545E-01  3.81299712E+00
   1.88826820E+00  8.08951267E-01  3.81087427E+00
   1.92994155E+00  8.10073691E-01  3.80875401E+00
   1.96915571E+00  8.11122497E-01  3.80673600E+00
   2.00801148E+00  8.12470237E-01  3.80483873E+00
   2.04447177E+00  8.14313912E-01  3.80321522E+00
   2.07908894E+00  8.17315053E-01  3.80202903E+00
   2.10568884E+00  8.21441958E-01  3.80158569E+00
   2.12515121E+00  8.26586439E-01  3.80181935E+00
   2.13910233E+00  8.32600676E-01  3.80258782E+00
   2.14934049E+00  8.39456139E-01  3.80376431E+00
   2.15668636E+00  8.46943877E-01  3.80534031E+00
   2.16208138E+00  8.55001660E-01  3.80720506E+00
   2.16613177E+00  8.63579371E-01  3.80923197E+00
   2.16899295E+00  8.72455846E-01  3.81128619E+00
   2.17117603E+00  8.81663526E-01  3.81357781E+00
   2.17274720E+00  8.90893546E-01  3.81584865E+00
   2.17392858E+00  9.00026791E-01  3.81798554E+00
   2.17481070E+00  9.08805590E-01  3.81996712E+00
   2.17546606E+00  9.16858567E-01  3.82194691E+00
   2.17597602E+00  9.23898166E-01  3.82358037E+00
   2.17636481E+00  9.29404647E-01  3.82480612E+00
   2.17671843E+00  9.33716012E-01  3.82574672E+00
   2.17700133E+00  9.36005581E-01  3.82625745E+00
   2.17722764E+00  9.36739733E-01  3.82644707E+00
   2.17740870E+00  9.36613581E-01  3.82645082E+00
   2.17755354E+00  9.36145037E-01  3.82636856E+00
   2.17766942E+00  9.35605379E-01  3.82625642E+00
   2.17779951E+00  9.34901153E-01  3.82608546E+00
   2.17794361E+00  9.34146087E-01  3.82586024E+00
   2.17810425E+00  9.33486320E-01  3.82558811E+00
   2.17828434E+00  9.33084476E-01  3.82528162E+00
   2.17848683E+00  9.33072273E-01  3.82495745E+00
   2.17871443E+00  9.33495179E-01  3.82463304E+00
   2.17896952E+00  9.34288192E-01  3.82432199E+00
   2.17925430E+00  9.35303982E-01  3.82403132E+00
   2.17957102E+00  9.36379588E-01  3.82376196E+00
   2.17992266E+00  9.37394130E-01  3.82351127E+00
   2.18031345E+00  9.38290531E-01  3.82327571E+00
   2.18074837E+00  9.39060309E-01  3.82305261E+00
   2.18123399E+00  9.39721005E-01  3.82283975E+00
   2.18177896E+00  9.40300365E-01  3.82263401E+00
   2.18238922E+00  9.40812159E-01  3.82243482E+00
   2.18307879E+00  9.41279219E-01  3.82223800E+00
   2.18385933E+00  9.41720145E-01  3.82204069E+00
   2.18474119E+00  9.42150598E-01  3.82184017E+00
   2.18573712E+00  9.42586425E-01  3.82163360E+00
   2.18685860E+00  9.43041629E-01  3.82141884E+00
   2.18811763E+00  9.43527209E-01  3.82119390E+00
   2.18952628E+00  9.44051933E-01  3.82095706E+00
   2.19108722E+00  9.44619388E-01  3.82071164E+00
   2.19283464E+00  9.45243981E-01  3.82045231E+00
   2.19477599E+00  9.45927583E-01  3.82017606E+00
   2.19692652E+00  9.46676084E-01  3.81988104E+00
   2.19928594E+00  9.47488147E-01  3.81956743E+00
   2.20185506E+00  9.48362033E-01  3.81923472E+00
   2.20464465E+00  9.49299612E-01  3.81888039E+00
   2.20765862E+00  9.50300611E-01  3.81850266E+00
   2.21090562E+00  9.51364648E-01  3.81809829E+00
   2.21438234E+00  9.52487560E-01  3.81766516E+00
   2.21809603E+00  9.53668848E-01  3.81719944E+00
   2.22204883E+00  9.54904130E-01  3.81673592E+00
   2.22624737E+00  9.56192642E-01  3.81625060E+00
   2.23063457E+00  9.57510596E-01  3.81573107E+00
   2.23522814E+00  9.58857592E-01  3.81517052E+00
   2.24002350E+00  9.60226825E-01  3.81456483E+00
   2.24496704E+00  9.61596711E-01  3.81391603E+00
   2.25006137E+00  9.62961126E-01  3.81321866E+00
   2.25527397E+00  9.64306427E-01  3.81247230E+00
   2.26058687E+00  9.65618110E-01  3.81169135E+00
   2.26599361E+00  9.66891504E-01  3.81087212E+00
   2.27144325E+00  9.68105458E-01  3.81000387E+00
   2.27697309E+00  9.69264118E-01  3.80907572E+00
   2.28253448E+00  9.70351778E-01  3.80809213E+00
   2.28813592E+00  9.71364050E-01  3.80704738E+00
   2.29377531E+00  9.72294511E-01  3.80593728E+00
   2.29944014E+00  9.73133248E-01  3.80487412E+00
   2.30514365E+00  9.73879236E-01  3.80374729E+00
   2.31084623E+00  9.74509650E-01  3.80256092E+00
   2.31660627E+00  9.75030454E-01  3.80134404E+00
   2.32235161E+00  9.75415113E-01  3.80005407E+00
   2.32814176E+00  9.75655448E-01  3.79866905E+00
   2.33393240E+00  9.75731921E-01  3.79718967E+00
   2.33974392E+00  9.75618845E-01  3.79560768E+00
   2.34556132E+00  9.75306689E-01  3.79407476E+00
   2.35134511E+00  9.74742971E-01  3.79240630E+00
   2.35715137E+00  9.73899530E-01  3.79057771E+00
   2.36290323E+00  9.72724059E-01  3.78860100E+00
   2.36864258E+00  9.71153846E-01  3.78644225E+00
   2.37432607E+00  9.69140915E-01  3.78427165E+00
   2.37993801E+00  9.66608762E-01  3.78199684E+00
   2.38543198E+00  9.63499934E-01  3.77984623E+00
   2.39079941E+00  9.59733222E-01  3.77767788E+00
   2.39599656E+00  9.55268073E-01  3.77519369E+00
   2.40100004E+00  9.50070500E-01  3.77254816E+00
   2.40577173E+00  9.44149906E-01  3.77001886E+00
   2.41029398E+00  9.37542780E-01  3.76756931E+00
   2.41454893E+00  9.30316030E-01  3.76485358E+00
   2.41853056E+00  9.22590758E-01  3.76231071E+00
   2.42224513E+00  9.14484606E-01  3.75995410E+00
   2.42570312E+00  9.06112345E-01  3.75753435E+00
   2.42892352E+00  8.97604879E-01  3.75525492E+00
   2.43192719E+00  8.89077401E-01  3.75316652E+00
   2.43473752E+00  8.80613712E-01  3.75121280E+00
   2.43737440E+00  8.72239887E-01  3.74920221E+00
   2.43986051E+00  8.64080527E-01  3.74735709E+00
   2.44221064E+00  8.56196140E-01  3.74566785E+00
   2.44444234E+00  8.48622065E-01  3.74411813E+00
   2.44657103E+00  8.41223209E-01  3.74246972E+00
   2.44861019E+00  8.34110381E-01  3.74084781E+00
   2.45057126E+00  8.27344930E-01  3.73932936E+00
   2.45245930E+00  8.20957284E-01  3.73792143E+00
   2.45428567E+00  8.14935152E-01  3.73661172E+00
   2.45605711E+00  8.09212491E-01  3.73532603E+00
   2.45777889E+00  8.03781510E-01  3.73405087E+00
   2.45945566E+00  7.98729081E-01  3.73285835E+00
   2.46109260E+00  7.94030137E-01  3.73174134E+00
   2.46269285E+00  7.89670838E-01  3.73068909E+00
   2.46425901E+00  7.85641079E-01  3.72969823E+00
   2.46579586E+00  7.81936515E-01  3.72876734E+00
   2.46730286E+00  7.78516439E-01  3.72787406E+00
   2.46878437E+00  7.75199235E-01  3.72691073E+00
   2.47024177E+00  7.72201233E-01  3.72600027E+00
   2.47167554E+00  7.69483998E-01  3.72514032E+00
   2.47308862E+00  7.67029658E-01  3.72432729E+00
   2.47448034E+00  7.64820363E-01  3.72355844E+00
   2.47585369E+00  7.62846395E-01  3.72283046E+00
   2.47720825E+00  7.61093506E-01  3.72214112E+00
   2.47854553E+00  7.59546957E-01  3.72148722E+00
   2.47986656E+00  7.58193220E-01  3.72086537E+00
   2.48117020E+00  7.57023993E-01  3.72027476E+00
   2.48246015E+00  7.56026129E-01  3.71971264E+00
   2.48373325E+00  7.55112346E-01  3.71913959E+00
   2.48499282E+00  7.54265333E-01  3.71854603E+00
   2.48623836E+00  7.53571185E-01  3.71797489E+00
   2.48746922E+00  7.53019172E-01  3.71742992E+00
   2.48868769E+00  7.52602079E-01  3.71690971E+00
   2.48989327E+00  7.52298679E-01  3.71641242E+00
   2.49108542E+00  7.52107787E-01  3.71593760E+00
   2.49226591E+00  7.52022071E-01  3.71548325E+00
   2.49343491E+00  7.52027799E-01  3.71504800E+00
   2.49459144E+00  7.52128560E-01  3.71463172E+00
   2.49573631E+00  7.52306411E-01  3.71423257E+00
   2.49686985E+00  7.52566584E-01  3.71384993E+00
   2.49799351E+00  7.52894567E-01  3.71348233E+00
   2.49910523E+00  7.53290541E-01  3.71312937E+00
   2.50020588E+00  7.53748428E-01  3.71279078E+00
   2.50129621E+00  7.54261008E-01  3.71246447E+00
   2.50237607E+00  7.54832516E-01  3.71215105E+00
   2.50344674E+00  7.55448058E-01  3.71184901E+00
   2.50450728E+00  7.56108594E-01  3.71155743E+00
   2.50555748E+00  7.56814668E-01  3.71127733E+00
   2.50659699E+00  7.57558526E-01  3.71100681E+00
   2.50762737E+00  7.58336027E-01  3.71074528E+00
   2.50864852E+00  7.59152008E-01  3.71049280E+00
   2.50966031E+00  7.59990564E-01  3.71024798E+00
   2.51066369E+00  7.60859412E-01  3.71001035E+00
   2.51165796E+00  7.61756476E-01  3.70978046E+00
   2.51264428E+00  7.62676727E-01  3.70955824E+00
   2.51362092E+00  7.63597327E-01  3.70933389E+00
   2.51458914E+00  7.64532846E-01  3.70911263E+00
   2.51554819E+00  7.65492978E-01  3.70889809E+00
   2.51649919E+00  7.66445606E-01  3.70868063E+00
   2.51744143E+00  7.67408884E-01  3.70846320E+00
   2.51837617E+00  7.68391639E-01  3.70825159E+00
   2.51930235E+00  7.69391124E-01  3.70804612E+00
   2.52022142E+00  7.70403188E-01  3.70784716E+00
   2.52113216E+00  7.71430753E-01  3.70765310E+00
   2.52203602E+00  7.72469762E-01  3.70746405E+00
   2.52293183E+00  7.73517360E-01  3.70728004E+00
   2.52382099E+00  7.74579995E-01  3.70710115E+00
   2.52470227E+00  7.75643111E-01  3.70692775E+00
   2.52557713E+00  7.76719508E-01  3.70675781E+00
   2.52644430E+00  7.77801658E-01  3.70659218E+00
   2.52730522E+00  7.78891580E-01  3.70643055E+00
   2.52815875E+00  7.79982628E-01  3.70627412E+00
   2.52900619E+00  7.81084997E-01  3.70612045E+00
   2.52984644E+00  7.82190741E-01  3.70597043E+00
   2.53068078E+00  7.83300384E-01  3.70582369E+00
   2.53150829E+00  7.84415817E-01  3.70568062E+00
   2.53233006E+00  7.85527418E-01  3.70554178E+00
   2.53314542E+00  7.86648122E-01  3.70540502E+00
   2.53395519E+00  7.87771792E-01  3.70527111E+00
   2.53475886E+00  7.88896489E-01  3.70513998E+00
   2.53555712E+00  7.90027757E-01  3.70501188E+00
   2.53634862E+00  7.91148391E-01  3.70488772E+00
   2.53713451E+00  7.92278144E-01  3.70476490E+00
   2.53791427E+00  7.93408185E-01  3.70464456E+00
   2.53868745E+00  7.94537237E-01  3.70452672E+00
   2.53945587E+00  7.95660589E-01  3.70441266E+00
   2.54021797E+00  7.96791337E-01  3.70429962E+00
   2.54097519E+00  7.97922697E-01  3.70418863E+00
   2.54172672E+00  7.99052396E-01  3.70407971E+00
   2.54247369E+00  8.00185575E-01  3.70397300E+00
   2.54321548E+00  8.01305290E-01  3.70386974E+00
   2.54395300E+00  8.02435527E-01  3.70376677E+00
   2.54468418E+00  8.03563288E-01  3.70366577E+00
   2.54541061E+00  8.04689809E-01  3.70356645E+00
   2.54613150E+00  8.05804341E-01  3.70347083E+00
   2.54684786E+00  8.06929036E-01  3.70337520E+00
   2.54755922E+00  8.08052503E-01  3.70328117E+00
   2.54826556E+00  8.09173021E-01  3.70318867E+00
   2.54896822E+00  8.10296872E-01  3.70309787E+00
   2.54966618E+00  8.11402533E-01  3.70301031E+00
   2.55035949E+00  8.12518609E-01  3.70292240E+00
   2.55104731E+00  8.13632108E-01  3.70283596E+00
   2.55173112E+00  8.14745892E-01  3.70275090E+00
   2.55241014E+00  8.15835799E-01  3.70266704E+00
   2.55308534E+00  8.16938256E-01  3.70258210E+00
   2.55375658E+00  8.18040602E-01  3.70249838E+00
   2.55442339E+00  8.19140157E-01  3.70241580E+00
   2.55508601E+00  8.20223512E-01  3.70233686E+00
   2.55574376E+00  8.21317446E-01  3.70225702E+00
   2.55639639E+00  8.22409711E-01  3.70217838E+00
   2.55704756E+00  8.23502647E-01  3.70210047E+00
   2.55769253E+00  8.24593583E-01  3.70202418E+00
   2.55833687E+00  8.25666226E-01  3.70195092E+00
   2.55897515E+00  8.26748058E-01  3.70187651E+00
   2.55960808E+00  8.27827428E-01  3.70180321E+00
   2.56023939E+00  8.28911020E-01  3.70173089E+00
   2.56086493E+00  8.29967582E-01  3.70166218E+00
   2.56148967E+00  8.31042383E-01  3.70159165E+00
   2.56210804E+00  8.32113022E-01  3.70152221E+00
   2.56272497E+00  8.33187045E-01  3.70145360E+00
   2.56333563E+00  8.34232202E-01  3.70138885E+00
   2.56394557E+00  8.35296703E-01  3.70132197E+00
   2.56454962E+00  8.36357562E-01  3.70125606E+00
   2.56515369E+00  8.37424676E-01  3.70119112E+00
   2.56574999E+00  8.38459944E-01  3.70113056E+00
   2.56634636E+00  8.39507903E-01  3.70106403E+00
   2.56693704E+00  8.40546109E-01  3.70099672E+00
   2.56752458E+00  8.41587314E-01  3.70092941E+00
   2.56811156E+00  8.42607500E-01  3.70086650E+00
   2.56869205E+00  8.43637719E-01  3.70080073E+00
   2.56927160E+00  8.44672585E-01  3.70073612E+00
   2.56984506E+00  8.45703937E-01  3.70067181E+00
   2.57041900E+00  8.46713618E-01  3.70061184E+00
   2.57098724E+00  8.47734607E-01  3.70054880E+00
   2.57155441E+00  8.48759879E-01  3.70048696E+00
   2.57211570E+00  8.49782508E-01  3.70042541E+00
   2.57267711E+00  8.50780876E-01  3.70036820E+00
   2.57323369E+00  8.51792430E-01  3.70030768E+00
   2.57378869E+00  8.52807388E-01  3.70024838E+00
   2.57433853E+00  8.53821600E-01  3.70018935E+00
   2.57488764E+00  8.54807948E-01  3.70013482E+00
   2.57543236E+00  8.55808984E-01  3.70007670E+00
   2.57597667E+00  8.56815564E-01  3.70001962E+00
   2.57651517E+00  8.57820788E-01  3.69996293E+00
   2.57705350E+00  8.58796706E-01  3.69991082E+00
   2.57758635E+00  8.59786411E-01  3.69985503E+00
   2.57811973E+00  8.60784136E-01  3.69980004E+00
   2.57864723E+00  8.61747451E-01  3.69975005E+00
   2.57917501E+00  8.62738832E-01  3.69969631E+00
   2.57969692E+00  8.63724524E-01  3.69964245E+00
   2.58021975E+00  8.64715399E-01  3.69958959E+00
   2.58073732E+00  8.65668547E-01  3.69954165E+00
   2.58125459E+00  8.66649357E-01  3.69948984E+00
   2.58176645E+00  8.67625923E-01  3.69943795E+00
   2.58227852E+00  8.68608781E-01  3.69938704E+00
   2.58278646E+00  8.69551706E-01  3.69934102E+00
   2.58329358E+00  8.70522654E-01  3.69929095E+00
   2.58379657E+00  8.71493256E-01  3.69924143E+00
   2.58429790E+00  8.72429529E-01  3.69919690E+00
   2.58479794E+00  8.73394333E-01  3.69914808E+00
   2.58529394E+00  8.74356234E-01  3.69909920E+00
   2.58578762E+00  8.75319131E-01  3.69905162E+00
   2.58627961E+00  8.76247085E-01  3.69900857E+00
   2.58676994E+00  8.77201808E-01  3.69896136E+00
   2.58725679E+00  8.78157144E-01  3.69891465E+00
   2.58774150E+00  8.79114197E-01  3.69886794E+00
   2.58822445E+00  8.80030189E-01  3.69882663E+00
   2.58870601E+00  8.80975135E-01  3.69878090E+00
   2.58918338E+00  8.81920363E-01  3.69873574E+00
   2.58965948E+00  8.82828797E-01  3.69869609E+00
   2.59013369E+00  8.83766674E-01  3.69865157E+00
   2.59060578E+00  8.84708234E-01  3.69860732E+00
   2.59107552E+00  8.85651405E-01  3.69856357E+00
   2.59154247E+00  8.86549468E-01  3.69852536E+00
   2.59200866E+00  8.87479002E-01  3.69848210E+00
   2.59247169E+00  8.88410157E-01  3.69843921E+00
   2.59293306E+00  8.89347351E-01  3.69839691E+00
   2.59339208E+00  8.90236375E-01  3.69835996E+00
   2.59385019E+00  8.91156631E-01  3.69831792E+00
   2.59430544E+00  8.92082325E-01  3.69827638E+00
   2.59475808E+00  8.92963890E-01  3.69824045E+00
   2.59520998E+00  8.93878257E-01  3.69819957E+00
   2.59565936E+00  8.94796016E-01  3.69815881E+00
   2.59610700E+00  8.95719147E-01  3.69811857E+00
   2.59655217E+00  8.96593077E-01  3.69808376E+00
   2.59699637E+00  8.97498659E-01  3.69804393E+00
   2.59743845E+00  8.98411687E-01  3.69800440E+00
   2.59787773E+00  8.99281104E-01  3.69797146E+00
   2.59831622E+00  9.00185535E-01  3.69793451E+00
   2.59875212E+00  9.01093642E-01  3.69789771E+00
   2.59918691E+00  9.01960047E-01  3.69786627E+00
   2.59961950E+00  9.02856887E-01  3.69783014E+00
   2.60004991E+00  9.03758367E-01  3.69779423E+00
   2.60047969E+00  9.04665497E-01  3.69775845E+00
   2.60090638E+00  9.05521770E-01  3.69772804E+00
   2.60133225E+00  9.06410894E-01  3.69769284E+00
   2.60175552E+00  9.07305442E-01  3.69765785E+00
   2.60217809E+00  9.08157268E-01  3.69762820E+00
   2.60259844E+00  9.09039967E-01  3.69759371E+00
   2.60301657E+00  9.09927522E-01  3.69755944E+00
   2.60343410E+00  9.10822176E-01  3.69752531E+00
   2.60384890E+00  9.11665158E-01  3.69749647E+00
   2.60426283E+00  9.12540658E-01  3.69746281E+00
   2.60467424E+00  9.13423154E-01  3.69742943E+00
   2.60508512E+00  9.14261272E-01  3.69740134E+00
   2.60549386E+00  9.15130566E-01  3.69736832E+00
   2.60590040E+00  9.16005986E-01  3.69733556E+00
   2.60630643E+00  9.16839346E-01  3.69730803E+00
   2.60671037E+00  9.17703710E-01  3.69727563E+00
   2.60711217E+00  9.18573309E-01  3.69724342E+00
   2.60751290E+00  9.19443117E-01  3.69720951E+00
   2.60791255E+00  9.20261975E-01  3.69717941E+00
   2.60831025E+00  9.21111890E-01  3.69714432E+00
   2.60870587E+00  9.21970131E-01  3.69710944E+00
   2.60910109E+00  9.22784948E-01  3.69707994E+00
   2.60949419E+00  9.23630526E-01  3.69704541E+00
   2.60988529E+00  9.24482541E-01  3.69701101E+00
   2.61027550E+00  9.25290953E-01  3.69698228E+00
   2.61066497E+00  9.26133657E-01  3.69694828E+00
   2.61105133E+00  9.26979842E-01  3.69691442E+00
   2.61143715E+00  9.27832468E-01  3.69688066E+00
   2.61182208E+00  9.28638692E-01  3.69685213E+00
   2.61220483E+00  9.29473226E-01  3.69681882E+00
   2.61258585E+00  9.30315917E-01  3.69678566E+00
   2.61296613E+00  9.31113104E-01  3.69675801E+00
   2.61334535E+00  9.31943335E-01  3.69672521E+00
   2.61372207E+00  9.32779203E-01  3.69669251E+00
   2.61409777E+00  9.33570538E-01  3.69666551E+00
   2.61447320E+00  9.34397087E-01  3.69663316E+00
   2.61484530E+00  9.35226721E-01  3.69660096E+00
   2.61521725E+00  9.36063780E-01  3.69656877E+00
   2.61558806E+00  9.36854701E-01  3.69654169E+00
   2.61595747E+00  9.37674367E-01  3.69650997E+00
   2.61632484E+00  9.38501835E-01  3.69647836E+00
   2.61669137E+00  9.39282891E-01  3.69645225E+00
   2.61705709E+00  9.40097337E-01  3.69642100E+00
   2.61741999E+00  9.40917402E-01  3.69638984E+00
   2.61778290E+00  9.41694275E-01  3.69636424E+00
   2.61814470E+00  9.42504135E-01  3.69633342E+00
   2.61850410E+00  9.43319131E-01  3.69630263E+00
   2.61886308E+00  9.44091957E-01  3.69627742E+00
   2.61922110E+00  9.44897764E-01  3.69624701E+00
   2.61957675E+00  9.45708643E-01  3.69621662E+00
   2.61993151E+00  9.46524600E-01  3.69618620E+00
   2.62028588E+00  9.47298459E-01  3.69616068E+00
   2.62063849E+00  9.48098671E-01  3.69613080E+00
   2.62098938E+00  9.48906601E-01  3.69610093E+00
   2.62133999E+00  9.49669661E-01  3.69607651E+00
   2.62168897E+00  9.50463705E-01  3.69604705E+00
   2.62203615E+00  9.51265296E-01  3.69601754E+00
   2.62238275E+00  9.52023178E-01  3.69599354E+00
   2.62272881E+00  9.52814612E-01  3.69596441E+00
   2.62307215E+00  9.53610325E-01  3.69593526E+00
   2.62341546E+00  9.54364686E-01  3.69591163E+00
   2.62375828E+00  9.55152539E-01  3.69588285E+00
   2.62409791E+00  9.55943633E-01  3.69585406E+00
   2.62443769E+00  9.56741762E-01  3.69582511E+00
   2.62477637E+00  9.57498277E-01  3.69580094E+00
   2.62511390E+00  9.58281009E-01  3.69577260E+00
   2.62544952E+00  9.59070743E-01  3.69574420E+00
   2.62578512E+00  9.59816978E-01  3.69572112E+00
   2.62611943E+00  9.60593706E-01  3.69569317E+00
   2.62645140E+00  9.61376894E-01  3.69566513E+00
   2.62678370E+00  9.62118656E-01  3.69564242E+00
   2.62711457E+00  9.62891034E-01  3.69561481E+00
   2.62744364E+00  9.63670104E-01  3.69558702E+00
   2.62777242E+00  9.64407852E-01  3.69556461E+00
   2.62810045E+00  9.65177470E-01  3.69553728E+00
   2.62842623E+00  9.65951933E-01  3.69550979E+00
   2.62875154E+00  9.66732453E-01  3.69548222E+00
   2.62907606E+00  9.67472584E-01  3.69545930E+00
   2.62939923E+00  9.68237420E-01  3.69543230E+00
   2.62972129E+00  9.69011386E-01  3.69540517E+00
   2.63004263E+00  9.69740984E-01  3.69538324E+00
   2.63036304E+00  9.70500567E-01  3.69535658E+00
   2.63068183E+00  9.71268635E-01  3.69532975E+00
   2.63100002E+00  9.71993926E-01  3.69530812E+00
   2.63131741E+00  9.72749771E-01  3.69528177E+00
   2.63163293E+00  9.73512796E-01  3.69525518E+00
   2.63194852E+00  9.74235702E-01  3.69523376E+00
   2.63226295E+00  9.74988206E-01  3.69520769E+00
   2.63257526E+00  9.75746349E-01  3.69518136E+00
   2.63288814E+00  9.76466099E-01  3.69516023E+00
   2.63319927E+00  9.77214231E-01  3.69513445E+00
   2.63350910E+00  9.77969042E-01  3.69510832E+00
   2.63381881E+00  9.78685149E-01  3.69508740E+00
   2.63412741E+00  9.79430798E-01  3.69506186E+00
   2.63443435E+00  9.80181940E-01  3.69503596E+00
   2.63474099E+00  9.80938583E-01  3.69501002E+00
   2.63504636E+00  9.81657417E-01  3.69498847E+00
   2.63535083E+00  9.82399557E-01  3.69496308E+00
   2.63565458E+00  9.83150649E-01  3.69493754E+00
   2.63595698E+00  9.83858540E-01  3.69491699E+00
   2.63625905E+00  9.84595536E-01  3.69489189E+00
   2.63655997E+00  9.85341402E-01  3.69486660E+00
   2.63685946E+00  9.86044890E-01  3.69484634E+00
   2.63715882E+00  9.86778452E-01  3.69482149E+00
   2.63745668E+00  9.87519488E-01  3.69479643E+00
   2.63775392E+00  9.88220565E-01  3.69477639E+00
   2.63805035E+00  9.88950246E-01  3.69475179E+00
   2.63834582E+00  9.89687936E-01  3.69472691E+00
   2.63864049E+00  9.90386251E-01  3.69470704E+00
   2.63893406E+00  9.91112304E-01  3.69468269E+00
   2.63922690E+00  9.91846110E-01  3.69465799E+00
   2.63951863E+00  9.92540827E-01  3.69463831E+00
   2.63981001E+00  9.93264162E-01  3.69461391E+00
   2.64010003E+00  9.93992476E-01  3.69458875E+00
   2.64038942E+00  9.94725263E-01  3.69456344E+00
   2.64067785E+00  9.95425009E-01  3.69454201E+00
   2.64096571E+00  9.96146348E-01  3.69451728E+00
   2.64125232E+00  9.96874589E-01  3.69449238E+00
   2.64153798E+00  9.97562047E-01  3.69447212E+00
   2.64182378E+00  9.98278169E-01  3.69444765E+00
   2.64210758E+00  9.98999776E-01  3.69442266E+00
   2.64239106E+00  9.99664659E-01  3.69439536E+00
   2.64267438E+00  1.00036141E+00  3.69436336E+00
   2.64295555E+00  1.00107450E+00  3.69433415E+00
   2.64323660E+00  1.00175335E+00  3.69431120E+00
   2.64351727E+00  1.00245970E+00  3.69428411E+00
   2.64379633E+00  1.00317180E+00  3.69425677E+00
   2.64407484E+00  1.00384586E+00  3.69423402E+00
   2.64435340E+00  1.00454902E+00  3.69420714E+00
   2.64463014E+00  1.00525717E+00  3.69417999E+00
   2.64490612E+00  1.00592809E+00  3.69415741E+00
   2.64518234E+00  1.00662840E+00  3.69413072E+00
   2.64545648E+00  1.00733252E+00  3.69410376E+00
   2.64573049E+00  1.00804056E+00  3.69407627E+00
   2.64600396E+00  1.00872408E+00  3.69405213E+00
   2.64627651E+00  1.00942399E+00  3.69402556E+00
   2.64654790E+00  1.01012927E+00  3.69399861E+00
   2.64681897E+00  1.01079733E+00  3.69397603E+00
   2.64708949E+00  1.01149085E+00  3.69394977E+00
   2.64735830E+00  1.01219049E+00  3.69392308E+00
   2.64762749E+00  1.01285492E+00  3.69390080E+00
   2.64789581E+00  1.01354507E+00  3.69387474E+00
   2.64816221E+00  1.01424073E+00  3.69384823E+00
   2.64842926E+00  1.01490262E+00  3.69382609E+00
   2.64869495E+00  1.01558912E+00  3.69380024E+00
   2.64895961E+00  1.01628269E+00  3.69377382E+00
   2.64922427E+00  1.01694193E+00  3.69375182E+00
   2.64948802E+00  1.01762642E+00  3.69372611E+00
   2.64975057E+00  1.01831699E+00  3.69369983E+00
   2.65001283E+00  1.01897326E+00  3.69367797E+00
   2.65027456E+00  1.01965550E+00  3.69365241E+00
   2.65053468E+00  1.02034223E+00  3.69362630E+00
   2.65079526E+00  1.02099731E+00  3.69360452E+00
   2.65105456E+00  1.02167626E+00  3.69357914E+00
   2.65131292E+00  1.02236053E+00  3.69355308E+00
   2.65157135E+00  1.02301398E+00  3.69353132E+00
   2.65182835E+00  1.02369025E+00  3.69350610E+00
   2.65208472E+00  1.02437189E+00  3.69348015E+00
   2.65234067E+00  1.02502230E+00  3.69345851E+00
   2.65259599E+00  1.02569710E+00  3.69343340E+00
   2.65285015E+00  1.02637537E+00  3.69340758E+00
   2.65310422E+00  1.02702401E+00  3.69338605E+00
   2.65335752E+00  1.02769630E+00  3.69336107E+00
   2.65360955E+00  1.02837160E+00  3.69333544E+00
   2.65386166E+00  1.02905156E+00  3.69330985E+00
   2.65411240E+00  1.02970734E+00  3.69328721E+00
   2.65436329E+00  1.03037957E+00  3.69326203E+00
   2.65461281E+00  1.03105612E+00  3.69323680E+00
   2.65486190E+00  1.03170014E+00  3.69321531E+00
   2.65511097E+00  1.03236664E+00  3.69319043E+00
   2.65535818E+00  1.03303801E+00  3.69316540E+00
   2.65560540E+00  1.03367814E+00  3.69314416E+00
   2.65585233E+00  1.03434116E+00  3.69311948E+00
   2.65609790E+00  1.03501007E+00  3.69309454E+00
   2.65634305E+00  1.03564728E+00  3.69307341E+00
   2.65658840E+00  1.03630866E+00  3.69304886E+00
   2.65683208E+00  1.03697468E+00  3.69302403E+00
   2.65707520E+00  1.03760927E+00  3.69300301E+00
   2.65731875E+00  1.03826858E+00  3.69297860E+00
   2.65756022E+00  1.03893102E+00  3.69295390E+00
   2.65780187E+00  1.03956441E+00  3.69293292E+00
   2.65804332E+00  1.04022079E+00  3.69290869E+00
   2.65828312E+00  1.04088091E+00  3.69288406E+00
   2.65852298E+00  1.04151241E+00  3.69286312E+00
   2.65876228E+00  1.04216589E+00  3.69283905E+00
   2.65900038E+00  1.04282373E+00  3.69281450E+00
   2.65923825E+00  1.04345278E+00  3.69279362E+00
   2.65947597E+00  1.04410458E+00  3.69276967E+00
   2.65971207E+00  1.04475911E+00  3.69274523E+00
   2.65994846E+00  1.04538761E+00  3.69272433E+00
   2.66018434E+00  1.04603725E+00  3.69270049E+00
   2.66041854E+00  1.04668894E+00  3.69267614E+00
   2.66065325E+00  1.04731592E+00  3.69265531E+00
   2.66088699E+00  1.04796264E+00  3.69263162E+00
   2.66111981E+00  1.04861267E+00  3.69260730E+00
   2.66135268E+00  1.04923775E+00  3.69258655E+00
   2.66158477E+00  1.04988266E+00  3.69256295E+00
   2.66181591E+00  1.05053038E+00  3.69253871E+00
   2.66204690E+00  1.05117946E+00  3.69251414E+00
   2.66227710E+00  1.05181916E+00  3.69249160E+00
   2.66250662E+00  1.05246611E+00  3.69246776E+00
   2.66273601E+00  1.05307401E+00  3.69244863E+00
   2.66296468E+00  1.05370967E+00  3.69242543E+00
   2.66319241E+00  1.05435038E+00  3.69240142E+00
   2.66342016E+00  1.05499450E+00  3.69237728E+00
   2.66364661E+00  1.05562570E+00  3.69235529E+00
   2.66387317E+00  1.05626746E+00  3.69233158E+00
   2.66409871E+00  1.05691193E+00  3.69230784E+00
   2.66432382E+00  1.05753019E+00  3.69228721E+00
   2.66454878E+00  1.05816574E+00  3.69226381E+00
   2.66477259E+00  1.05880581E+00  3.69224022E+00
   2.66499612E+00  1.05941980E+00  3.69221983E+00
   2.66521941E+00  1.06005216E+00  3.69219659E+00
   2.66544161E+00  1.06068953E+00  3.69217308E+00
   2.66566338E+00  1.06130071E+00  3.69215282E+00
   2.66588546E+00  1.06193190E+00  3.69212967E+00
   2.66610582E+00  1.06256620E+00  3.69210629E+00
   2.66632627E+00  1.06317590E+00  3.69208604E+00
   2.66654664E+00  1.06380484E+00  3.69206305E+00
   2.66676526E+00  1.06443636E+00  3.69203973E+00
   2.66698423E+00  1.06504441E+00  3.69201951E+00
   2.66720265E+00  1.06567052E+00  3.69199668E+00
   2.66742000E+00  1.06630035E+00  3.69197338E+00
   2.66763735E+00  1.06690660E+00  3.69195318E+00
   2.66785424E+00  1.06753084E+00  3.69193046E+00
   2.66807010E+00  1.06815830E+00  3.69190719E+00
   2.66828588E+00  1.06876345E+00  3.69188699E+00
   2.66850122E+00  1.06938604E+00  3.69186435E+00
   2.66871542E+00  1.07001095E+00  3.69184114E+00
   2.66893007E+00  1.07061560E+00  3.69182097E+00
   2.66914364E+00  1.07123574E+00  3.69179843E+00
   2.66935662E+00  1.07185902E+00  3.69177523E+00
   2.66956962E+00  1.07246185E+00  3.69175513E+00
   2.66978152E+00  1.07307978E+00  3.69173269E+00
   2.66999310E+00  1.07370104E+00  3.69170952E+00
   2.67020426E+00  1.07430150E+00  3.69168950E+00
   2.67041494E+00  1.07491834E+00  3.69166710E+00
   2.67062501E+00  1.07553709E+00  3.69164397E+00
   2.67083473E+00  1.07613611E+00  3.69162400E+00
   2.67104396E+00  1.07675102E+00  3.69160165E+00
   2.67125257E+00  1.07736796E+00  3.69157868E+00
   2.67146082E+00  1.07796423E+00  3.69155889E+00
   2.67166849E+00  1.07857635E+00  3.69153662E+00
   2.67187595E+00  1.07918876E+00  3.69151268E+00
   2.67208256E+00  1.07977525E+00  3.69149008E+00
   2.67228906E+00  1.08037987E+00  3.69146482E+00
   2.67249495E+00  1.08098770E+00  3.69143905E+00
   2.67269998E+00  1.08157462E+00  3.69141644E+00
   2.67290517E+00  1.08217886E+00  3.69139116E+00
   2.67310931E+00  1.08278474E+00  3.69136555E+00
   2.67331321E+00  1.08337100E+00  3.69134300E+00
   2.67351698E+00  1.08397329E+00  3.69131778E+00
   2.67371977E+00  1.08457736E+00  3.69129228E+00
   2.67392233E+00  1.08518330E+00  3.69126649E+00
   2.67412459E+00  1.08579092E+00  3.69124147E+00
   2.67432611E+00  1.08640003E+00  3.69121618E+00
   2.67452717E+00  1.08696623E+00  3.69119561E+00
   2.67472872E+00  1.08756013E+00  3.69117087E+00
   2.67492838E+00  1.08815679E+00  3.69114567E+00
   2.67512842E+00  1.08875767E+00  3.69112004E+00
   2.67532802E+00  1.08936102E+00  3.69109524E+00
   2.67552654E+00  1.08996511E+00  3.69107016E+00
   2.67572530E+00  1.09057155E+00  3.69104463E+00
   2.67592322E+00  1.09115253E+00  3.69102219E+00
   2.67612092E+00  1.09174781E+00  3.69099738E+00
   2.67631813E+00  1.09234650E+00  3.69097198E+00
   2.67651480E+00  1.09292534E+00  3.69094948E+00
   2.67671121E+00  1.09351815E+00  3.69092474E+00
   2.67690694E+00  1.09411417E+00  3.69089949E+00
   2.67710235E+00  1.09469096E+00  3.69087708E+00
   2.67729736E+00  1.09528126E+00  3.69085240E+00
   2.67749198E+00  1.09587577E+00  3.69082726E+00
   2.67768594E+00  1.09645062E+00  3.69080494E+00
   2.67787996E+00  1.09703958E+00  3.69078025E+00
   2.67807316E+00  1.09763190E+00  3.69075528E+00
   2.67826573E+00  1.09820492E+00  3.69073301E+00
   2.67845860E+00  1.09879262E+00  3.69070839E+00
   2.67865024E+00  1.09938228E+00  3.69068352E+00
   2.67884187E+00  1.09995458E+00  3.69066121E+00
   2.67903344E+00  1.10054062E+00  3.69063671E+00
   2.67922388E+00  1.10113204E+00  3.69061300E+00
   2.67941435E+00  1.10171088E+00  3.69059351E+00
   2.67960434E+00  1.10230107E+00  3.69057215E+00
   2.67979365E+00  1.10289319E+00  3.69055042E+00
   2.67998281E+00  1.10346775E+00  3.69053098E+00
   2.68017173E+00  1.10405529E+00  3.69050976E+00
   2.68035970E+00  1.10464449E+00  3.69048812E+00
   2.68054794E+00  1.10521820E+00  3.69046868E+00
   2.68073550E+00  1.10580352E+00  3.69044753E+00
   2.68092220E+00  1.10639033E+00  3.69042592E+00
   2.68110927E+00  1.10696356E+00  3.69040645E+00
   2.68129534E+00  1.10754688E+00  3.69038537E+00
   2.68148118E+00  1.10813271E+00  3.69036372E+00
   2.68166674E+00  1.10870429E+00  3.69034430E+00
   2.68185174E+00  1.10928662E+00  3.69032325E+00
   2.68203650E+00  1.10987075E+00  3.69030161E+00
   2.68222059E+00  1.11044038E+00  3.69028223E+00
   2.68240451E+00  1.11102155E+00  3.69026122E+00
   2.68258806E+00  1.11160425E+00  3.69023968E+00
   2.68277111E+00  1.11217138E+00  3.69022045E+00
   2.68295378E+00  1.11274988E+00  3.69019949E+00
   2.68313628E+00  1.11333108E+00  3.69017806E+00
   2.68331817E+00  1.11389647E+00  3.69015889E+00
   2.68349965E+00  1.11447276E+00  3.69013796E+00
   2.68368085E+00  1.11505193E+00  3.69011667E+00
   2.68386139E+00  1.11561551E+00  3.69009754E+00
   2.68404209E+00  1.11619073E+00  3.69007657E+00
   2.68422186E+00  1.11676734E+00  3.69005542E+00
   2.68440148E+00  1.11733089E+00  3.69003620E+00
   2.68458116E+00  1.11790548E+00  3.69001531E+00
   2.68475960E+00  1.11848010E+00  3.68999420E+00
   2.68493819E+00  1.11904223E+00  3.68997500E+00
   2.68511642E+00  1.11961453E+00  3.68995423E+00
   2.68529396E+00  1.12018820E+00  3.68993312E+00
   2.68547142E+00  1.12074874E+00  3.68991392E+00
   2.68564862E+00  1.12131977E+00  3.68989324E+00
   2.68582511E+00  1.12189193E+00  3.68987216E+00
   2.68600146E+00  1.12245111E+00  3.68985297E+00
   2.68617743E+00  1.12302011E+00  3.68983233E+00
   2.68635269E+00  1.12359023E+00  3.68981131E+00
   2.68652822E+00  1.12414973E+00  3.68979207E+00
   2.68670288E+00  1.12471702E+00  3.68977149E+00
   2.68687734E+00  1.12528614E+00  3.68975042E+00
   2.68705163E+00  1.12584447E+00  3.68973120E+00
   2.68722507E+00  1.12641026E+00  3.68971066E+00
   2.68739859E+00  1.12697807E+00  3.68968959E+00
   2.68757146E+00  1.12753439E+00  3.68967044E+00
   2.68774411E+00  1.12809951E+00  3.68964992E+00
   2.68791658E+00  1.12866615E+00  3.68962893E+00
   2.68808843E+00  1.12921972E+00  3.68960991E+00
   2.68826011E+00  1.12978277E+00  3.68958943E+00
   2.68843119E+00  1.13034689E+00  3.68956860E+00
   2.68860207E+00  1.13089906E+00  3.68954962E+00
   2.68877264E+00  1.13145981E+00  3.68952915E+00
   2.68894283E+00  1.13202291E+00  3.68950843E+00
   2.68911252E+00  1.13257359E+00  3.68948946E+00
   2.68928236E+00  1.13313362E+00  3.68946899E+00
   2.68945141E+00  1.13369460E+00  3.68944831E+00
   2.68962001E+00  1.13424468E+00  3.68942929E+00
   2.68978884E+00  1.13480401E+00  3.68940890E+00
   2.68995662E+00  1.13536310E+00  3.68938825E+00
   2.69012454E+00  1.13591243E+00  3.68936922E+00
   2.69029203E+00  1.13646948E+00  3.68934895E+00
   2.69045896E+00  1.13702759E+00  3.68932830E+00
   2.69062600E+00  1.13757577E+00  3.68930926E+00
   2.69079220E+00  1.13813070E+00  3.68928908E+00
   2.69095827E+00  1.13865601E+00  3.68927217E+00
   2.69112445E+00  1.13920286E+00  3.68925226E+00
   2.69128953E+00  1.13975158E+00  3.68923185E+00
   2.69145468E+00  1.14030714E+00  3.68921189E+00
   2.69161958E+00  1.14085279E+00  3.68919256E+00
   2.69178411E+00  1.14140198E+00  3.68917211E+00
   2.69194814E+00  1.14195569E+00  3.68915216E+00
   2.69211194E+00  1.14250101E+00  3.68913282E+00
   2.69227531E+00  1.14304890E+00  3.68911239E+00
   2.69243875E+00  1.14360242E+00  3.68909242E+00
   2.69260132E+00  1.14414556E+00  3.68907308E+00
   2.69276397E+00  1.14469261E+00  3.68905268E+00
   2.69292631E+00  1.14524402E+00  3.68903274E+00
   2.69308780E+00  1.14578609E+00  3.68901339E+00
   2.69324960E+00  1.14633226E+00  3.68899300E+00
   2.69341063E+00  1.14687227E+00  3.68897419E+00
   2.69357151E+00  1.14742005E+00  3.68895418E+00
   2.69373223E+00  1.14796707E+00  3.68893376E+00
   2.69389244E+00  1.14850700E+00  3.68891492E+00
   2.69405244E+00  1.14905389E+00  3.68889493E+00
   2.69421197E+00  1.14959952E+00  3.68887463E+00
   2.69437130E+00  1.15013789E+00  3.68885583E+00
   2.69453029E+00  1.15068269E+00  3.68883586E+00
   2.69468903E+00  1.15122748E+00  3.68881566E+00
   2.69484727E+00  1.15176444E+00  3.68879688E+00
   2.69500565E+00  1.15230848E+00  3.68877689E+00
   2.69516335E+00  1.15285145E+00  3.68875676E+00
   2.69532062E+00  1.15338780E+00  3.68873792E+00
   2.69547808E+00  1.15393124E+00  3.68871800E+00
   2.69563462E+00  1.15447230E+00  3.68869787E+00
   2.69579131E+00  1.15500873E+00  3.68867897E+00
   2.69594753E+00  1.15555031E+00  3.68865916E+00
   2.69610334E+00  1.15609083E+00  3.68863902E+00
   2.69625927E+00  1.15662579E+00  3.68862014E+00
   2.69641434E+00  1.15716504E+00  3.68860041E+00
   2.69656936E+00  1.15770448E+00  3.68858030E+00
   2.69672418E+00  1.15823840E+00  3.68856143E+00
   2.69687854E+00  1.15877690E+00  3.68854166E+00
   2.69703264E+00  1.15930689E+00  3.68851865E+00
   2.69718664E+00  1.15982986E+00  3.68849520E+00
   2.69734018E+00  1.16035889E+00  3.68847071E+00
   2.69749341E+00  1.16088842E+00  3.68844588E+00
   2.69764642E+00  1.16141312E+00  3.68842237E+00
   2.69779892E+00  1.16194239E+00  3.68839784E+00
   2.69795154E+00  1.16247274E+00  3.68837298E+00
   2.69810345E+00  1.16299500E+00  3.68834958E+00
   2.69825537E+00  1.16352345E+00  3.68832506E+00
   2.69840699E+00  1.16405230E+00  3.68830031E+00
   2.69855793E+00  1.16457294E+00  3.68827696E+00
   2.69870914E+00  1.16510022E+00  3.68825244E+00
   2.69885955E+00  1.16562694E+00  3.68822783E+00
   2.69900995E+00  1.16614756E+00  3.68820444E+00
   2.69916021E+00  1.16667355E+00  3.68818000E+00
   2.69930986E+00  1.16719899E+00  3.68815537E+00
   2.69945953E+00  1.16771975E+00  3.68813188E+00
   2.69960862E+00  1.16824439E+00  3.68810754E+00
   2.69975755E+00  1.16876937E+00  3.68808288E+00
   2.69990631E+00  1.16928861E+00  3.68805943E+00
   2.70005474E+00  1.16981270E+00  3.68803514E+00
   2.70020272E+00  1.17033616E+00  3.68801053E+00
   2.70035089E+00  1.17085486E+00  3.68798711E+00
   2.70049843E+00  1.17137704E+00  3.68796284E+00
   2.70064557E+00  1.17189905E+00  3.68793829E+00
   2.70079276E+00  1.17241694E+00  3.68791488E+00
   2.70093929E+00  1.17293755E+00  3.68789063E+00
   2.70108597E+00  1.17345955E+00  3.68786607E+00
   2.70123206E+00  1.17397590E+00  3.68784273E+00
   2.70137797E+00  1.17449614E+00  3.68781848E+00
   2.70152393E+00  1.17501746E+00  3.68779398E+00
   2.70166902E+00  1.17553083E+00  3.68777077E+00
   2.70181428E+00  1.17604952E+00  3.68774656E+00
   2.70195901E+00  1.17656848E+00  3.68772220E+00
   2.70210358E+00  1.17708118E+00  3.68769898E+00
   2.70224803E+00  1.17759835E+00  3.68767481E+00
   2.70239206E+00  1.17809255E+00  3.68765354E+00
   2.70253606E+00  1.17860224E+00  3.68762979E+00
   2.70267938E+00  1.17911239E+00  3.68760560E+00
   2.70282270E+00  1.17962734E+00  3.68758170E+00
   2.70296561E+00  1.18013496E+00  3.68755835E+00
   2.70310856E+00  1.18064646E+00  3.68753424E+00
   2.70325084E+00  1.18115946E+00  3.68751029E+00
   2.70339330E+00  1.18166831E+00  3.68748680E+00
   2.70353536E+00  1.18217951E+00  3.68746277E+00
   2.70367682E+00  1.18269141E+00  3.68743878E+00
   2.70381853E+00  1.18320025E+00  3.68741529E+00
   2.70395953E+00  1.18370983E+00  3.68739129E+00
   2.70410057E+00  1.18422615E+00  3.68736762E+00
   2.70424114E+00  1.18473731E+00  3.68734393E+00
   2.70438158E+00  1.18524771E+00  3.68731974E+00
   2.70452202E+00  1.18575605E+00  3.68729656E+00
   2.70466163E+00  1.18626673E+00  3.68727273E+00
   2.70480137E+00  1.18677703E+00  3.68724856E+00
   2.70494083E+00  1.18728400E+00  3.68722544E+00
   2.70507993E+00  1.18779403E+00  3.68720156E+00
   2.70521884E+00  1.18830461E+00  3.68717752E+00
   2.70535759E+00  1.18881815E+00  3.68715389E+00
   2.70549597E+00  1.18933183E+00  3.68712997E+00
   2.70563419E+00  1.18984426E+00  3.68710588E+00
   2.70577210E+00  1.19034334E+00  3.68708352E+00
   2.70590970E+00  1.19084857E+00  3.68705982E+00
   2.70604722E+00  1.19135476E+00  3.68703587E+00
   2.70618423E+00  1.19185634E+00  3.68701297E+00
   2.70632131E+00  1.19236235E+00  3.68698917E+00
   2.70645792E+00  1.19286792E+00  3.68696531E+00
   2.70659430E+00  1.19336966E+00  3.68694233E+00
   2.70673078E+00  1.19387528E+00  3.68691854E+00
   2.70686648E+00  1.19438086E+00  3.68689477E+00
   2.70700224E+00  1.19488947E+00  3.68687125E+00
   2.70713768E+00  1.19539833E+00  3.68684749E+00
   2.70727284E+00  1.19590618E+00  3.68682358E+00
   2.70740792E+00  1.19640163E+00  3.68680116E+00
   2.70754277E+00  1.19690350E+00  3.68677765E+00
   2.70767719E+00  1.19740513E+00  3.68675383E+00
   2.70781155E+00  1.19790422E+00  3.68673088E+00
   2.70794552E+00  1.19840750E+00  3.68670780E+00
   2.70807925E+00  1.19892136E+00  3.68668775E+00
   2.70821292E+00  1.19943485E+00  3.68666811E+00
   2.70834607E+00  1.19994621E+00  3.68664830E+00
   2.70847936E+00  1.20045736E+00  3.68662833E+00
   2.70861219E+00  1.20095603E+00  3.68660970E+00
   2.70874467E+00  1.20145899E+00  3.68659007E+00
   2.70887722E+00  1.20196532E+00  3.68657032E+00
   2.70900916E+00  1.20247193E+00  3.68655092E+00
   2.70914113E+00  1.20297992E+00  3.68653121E+00
   2.70927280E+00  1.20345630E+00  3.68651438E+00
   2.70940436E+00  1.20394944E+00  3.68649515E+00
   2.70953561E+00  1.20444482E+00  3.68647551E+00
   2.70966641E+00  1.20494709E+00  3.68645637E+00
   2.70979715E+00  1.20544483E+00  3.68643702E+00
   2.70992782E+00  1.20594421E+00  3.68641735E+00
   2.71005799E+00  1.20644699E+00  3.68639809E+00
   2.71018807E+00  1.20695116E+00  3.68637848E+00
   2.71031800E+00  1.20745426E+00  3.68635880E+00
   2.71044759E+00  1.20794420E+00  3.68634049E+00
   2.71057713E+00  1.20844079E+00  3.68632103E+00
   2.71070616E+00  1.20893895E+00  3.68630154E+00
   2.71083503E+00  1.20944034E+00  3.68628224E+00
   2.71096385E+00  1.20994291E+00  3.68626270E+00
   2.71109221E+00  1.21044317E+00  3.68624305E+00
   2.71122064E+00  1.21093441E+00  3.68622448E+00
   2.71134873E+00  1.21143052E+00  3.68620512E+00
   2.71147630E+00  1.21192759E+00  3.68618563E+00
   2.71160416E+00  1.21242818E+00  3.68616634E+00
   2.71173130E+00  1.21292760E+00  3.68614690E+00
   2.71185854E+00  1.21342660E+00  3.68612724E+00
   2.71198549E+00  1.21391661E+00  3.68610868E+00
   2.71211214E+00  1.21441013E+00  3.68608931E+00
   2.71223878E+00  1.21490675E+00  3.68606986E+00
   2.71236484E+00  1.21540392E+00  3.68605069E+00
   2.71249090E+00  1.21590155E+00  3.68603123E+00
   2.71261681E+00  1.21639888E+00  3.68601168E+00
   2.71274234E+00  1.21688598E+00  3.68599321E+00
   2.71286781E+00  1.21737714E+00  3.68597387E+00
   2.71299302E+00  1.21787147E+00  3.68595453E+00
   2.71311796E+00  1.21836651E+00  3.68593536E+00
   2.71324278E+00  1.21886198E+00  3.68591596E+00
   2.71336729E+00  1.21933150E+00  3.68589896E+00
   2.71349168E+00  1.21981431E+00  3.68587995E+00
   2.71361579E+00  1.22030043E+00  3.68586070E+00
   2.71373959E+00  1.22079150E+00  3.68584174E+00
   2.71386340E+00  1.22128442E+00  3.68582242E+00
   2.71398693E+00  1.22177612E+00  3.68580305E+00
   2.71411003E+00  1.22225588E+00  3.68578490E+00
   2.71423342E+00  1.22274266E+00  3.68576570E+00
   2.71435603E+00  1.22323012E+00  3.68574653E+00
   2.71447876E+00  1.22372146E+00  3.68572745E+00
   2.71460117E+00  1.22421285E+00  3.68570819E+00
   2.71472334E+00  1.22470233E+00  3.68568880E+00
   2.71484557E+00  1.22518547E+00  3.68567027E+00
   2.71496720E+00  1.22567132E+00  3.68565118E+00
   2.71508882E+00  1.22615965E+00  3.68563194E+00
   2.71521027E+00  1.22664954E+00  3.68561290E+00
   2.71533137E+00  1.22713886E+00  3.68559368E+00
   2.71545242E+00  1.22762720E+00  3.68557431E+00
   2.71557329E+00  1.22810931E+00  3.68555580E+00
   2.71569387E+00  1.22859343E+00  3.68553664E+00
   2.71581432E+00  1.22908023E+00  3.68551749E+00
   2.71593444E+00  1.22956781E+00  3.68549851E+00
   2.71605434E+00  1.23005460E+00  3.68547932E+00
   2.71617426E+00  1.23054186E+00  3.68546003E+00
   2.71629370E+00  1.23102050E+00  3.68544162E+00
   2.71641326E+00  1.23150260E+00  3.68542250E+00
   2.71653242E+00  1.23196894E+00  3.68540512E+00
   2.71665131E+00  1.23244432E+00  3.68538625E+00
   2.71677022E+00  1.23292335E+00  3.68536723E+00
   2.71688863E+00  1.23340600E+00  3.68534845E+00
   2.71700708E+00  1.23388989E+00  3.68532933E+00
   2.71712528E+00  1.23437207E+00  3.68531017E+00
   2.71724321E+00  1.23484587E+00  3.68529200E+00
   2.71736124E+00  1.23532429E+00  3.68527297E+00
   2.71747859E+00  1.23580355E+00  3.68525405E+00
   2.71759604E+00  1.23628615E+00  3.68523516E+00
   2.71771325E+00  1.23676850E+00  3.68521611E+00
   2.71783021E+00  1.23724912E+00  3.68519697E+00
   2.71794709E+00  1.23772404E+00  3.68517856E+00
   2.71806379E+00  1.23820205E+00  3.68515963E+00
   2.71818019E+00  1.23868165E+00  3.68514067E+00
   2.71829648E+00  1.23915908E+00  3.68512054E+00
   2.71841248E+00  1.23963187E+00  3.68509841E+00
   2.71852829E+00  1.24010492E+00  3.68507607E+00
   2.71864408E+00  1.24057511E+00  3.68505436E+00
   2.71875944E+00  1.24104663E+00  3.68503217E+00
   2.71887490E+00  1.24152150E+00  3.68500991E+00
   2.71898998E+00  1.24199672E+00  3.68498780E+00
   2.71910473E+00  1.24247063E+00  3.68496552E+00
   2.71921965E+00  1.24294533E+00  3.68494313E+00
   2.71933401E+00  1.24341302E+00  3.68492152E+00
   2.71944848E+00  1.24388325E+00  3.68489932E+00
   2.71956258E+00  1.24435592E+00  3.68487717E+00
   2.71967649E+00  1.24482875E+00  3.68485509E+00
   2.71979051E+00  1.24530208E+00  3.68483281E+00
   2.71990391E+00  1.24575454E+00  3.68481259E+00
   2.72001749E+00  1.24621737E+00  3.68479070E+00
   2.72013059E+00  1.24668287E+00  3.68476873E+00
   2.72024361E+00  1.24715270E+00  3.68474684E+00
   2.72035655E+00  1.24762309E+00  3.68472466E+00
   2.72046928E+00  1.24809234E+00  3.68470247E+00
   2.72058181E+00  1.24855413E+00  3.68468116E+00
   2.72069418E+00  1.24901938E+00  3.68465916E+00
   2.72080626E+00  1.24948664E+00  3.68463715E+00
   2.72091821E+00  1.24995581E+00  3.68461519E+00
   2.72103004E+00  1.25042525E+00  3.68459308E+00
   2.72114155E+00  1.25089259E+00  3.68457090E+00
   2.72125321E+00  1.25135701E+00  3.68454929E+00
   2.72136444E+00  1.25182261E+00  3.68452731E+00
   2.72147537E+00  1.25228960E+00  3.68450530E+00
   2.72158639E+00  1.25275836E+00  3.68448334E+00
   2.72169693E+00  1.25322540E+00  3.68446129E+00
   2.72180762E+00  1.25369236E+00  3.68443911E+00
   2.72191790E+00  1.25415526E+00  3.68441756E+00
   2.72202805E+00  1.25461887E+00  3.68439556E+00
   2.72213827E+00  1.25508555E+00  3.68437357E+00
   2.72224786E+00  1.25555113E+00  3.68435173E+00
   2.72235760E+00  1.25601662E+00  3.68432968E+00
   2.72246702E+00  1.25648161E+00  3.68430762E+00
   2.72257629E+00  1.25694134E+00  3.68428617E+00
   2.72268556E+00  1.25740300E+00  3.68426424E+00
   2.72279448E+00  1.25785256E+00  3.68424374E+00
   2.72290337E+00  1.25830885E+00  3.68422202E+00
   2.72301187E+00  1.25876741E+00  3.68420029E+00
   2.72312028E+00  1.25922985E+00  3.68417859E+00
   2.72322857E+00  1.25969208E+00  3.68415666E+00
   2.72333671E+00  1.26015316E+00  3.68413471E+00
   2.72344455E+00  1.26060851E+00  3.68411349E+00
   2.72355255E+00  1.26106708E+00  3.68409166E+00
   2.72366007E+00  1.26152745E+00  3.68406998E+00
   2.72376740E+00  1.26198901E+00  3.68404814E+00
   2.72387473E+00  1.26245030E+00  3.68402628E+00
   2.72398166E+00  1.26290953E+00  3.68400437E+00
   2.72408877E+00  1.26336688E+00  3.68398290E+00
   2.72419541E+00  1.26382476E+00  3.68396117E+00
   2.72430197E+00  1.26428473E+00  3.68393938E+00
   2.72440851E+00  1.26474559E+00  3.68391763E+00
   2.72451454E+00  1.26520451E+00  3.68389584E+00
   2.72462075E+00  1.26566603E+00  3.68387398E+00
   2.72472653E+00  1.26612615E+00  3.68385229E+00
   2.72483225E+00  1.26658528E+00  3.68383046E+00
   2.72493795E+00  1.26704437E+00  3.68380857E+00
   2.72504326E+00  1.26749732E+00  3.68378736E+00
   2.72514859E+00  1.26795192E+00  3.68376566E+00
   2.72525354E+00  1.26839436E+00  3.68374534E+00
   2.72535851E+00  1.26884408E+00  3.68372387E+00
   2.72546329E+00  1.26929660E+00  3.68370231E+00
   2.72556786E+00  1.26975246E+00  3.68368082E+00
   2.72567223E+00  1.27020769E+00  3.68365909E+00
   2.72577665E+00  1.27066196E+00  3.68363733E+00
   2.72588072E+00  1.27111280E+00  3.68361616E+00
   2.72598465E+00  1.27156453E+00  3.68359452E+00
   2.72608845E+00  1.27201852E+00  3.68357300E+00
   2.72619193E+00  1.27247322E+00  3.68355139E+00
