   2.19700000E-06  1.87327759E+00  3.67365077E+00
   2.99700000E-06  1.87422506E+00  3.67419227E+00
   3.63700000E-06  1.87068302E+00  3.67440884E+00
   4.43700000E-06  1.86632854E+00  3.67467433E+00
   5.43700000E-06  1.86107993E+00  3.67502159E+00
   6.68700000E-06  1.85470878E+00  3.67546303E+00
   8.24950000E-06  1.84704881E+00  3.67599521E+00
   1.02026250E-05  1.83759885E+00  3.67659480E+00
   1.26440313E-05  1.82609958E+00  3.67727522E+00
   1.56957891E-05  1.81240927E+00  3.67807923E+00
   1.95104863E-05  1.79630403E+00  3.67902111E+00
   2.42788579E-05  1.78019432E+00  3.68082392E+00
   3.02393224E-05  1.76793357E+00  3.68461583E+00
   3.76899030E-05  1.75088209E+00  3.68829792E+00
   4.70031287E-05  1.72196626E+00  3.68998253E+00
   5.86446609E-05  1.68976281E+00  3.69181925E+00
   7.31965761E-05  1.65404246E+00  3.69371010E+00
   9.13864702E-05  1.61576602E+00  3.69583447E+00
   1.14123838E-04  1.57425794E+00  3.69794751E+00
   1.42545547E-04  1.53095993E+00  3.70029963E+00
   1.78072684E-04  1.48515788E+00  3.70258728E+00
   2.22481605E-04  1.43833761E+00  3.70503115E+00
   2.77992756E-04  1.39100801E+00  3.70759360E+00
   3.47381695E-04  1.34442285E+00  3.71038860E+00
   4.34117869E-04  1.29950311E+00  3.71338118E+00
   5.42538086E-04  1.25880381E+00  3.71684447E+00
   6.75815644E-04  1.22574511E+00  3.72089248E+00
   8.27683280E-04  1.20651470E+00  3.72554787E+00
   9.95685671E-04  1.20781522E+00  3.73129681E+00
   1.17469843E-03  1.24081361E+00  3.73882199E+00
   1.35630180E-03  1.32188942E+00  3.74904981E+00
   1.51521303E-03  1.43835536E+00  3.76198537E+00
   1.64234202E-03  1.53797199E+00  3.77622812E+00
   1.74404522E-03  1.61233564E+00  3.79100910E+00
   1.87117420E-03  1.70853484E+00  3.82385563E+00
   1.99511404E-03  1.80755295E+00  3.86845957E+00
   2.10851942E-03  1.89955405E+00  3.91330389E+00
   2.21225634E-03  1.98029324E+00  3.95686593E+00
   2.30785390E-03  2.04605731E+00  3.99781662E+00
   2.39760016E-03  2.08810526E+00  4.03332318E+00
   2.46939717E-03  2.08693345E+00  4.05283344E+00
   2.52683478E-03  2.05562602E+00  4.05928731E+00
   2.57278487E-03  2.01730373E+00  4.05950910E+00
   2.61489021E-03  1.97894182E+00  4.05727855E+00
   2.66752189E-03  1.93781992E+00  4.05375089E+00
   2.73331149E-03  1.90599024E+00  4.05123703E+00
   2.81554849E-03  1.89487770E+00  4.05269001E+00
   2.91834474E-03  1.90718295E+00  4.06008158E+00
   3.04684005E-03  1.93488759E+00  4.07344907E+00
   3.20745918E-03  1.95557553E+00  4.08767555E+00
   3.40823310E-03  1.94548135E+00  4.09346269E+00
   3.65920050E-03  1.92471269E+00  4.09313990E+00
   3.97290976E-03  1.91292209E+00  4.09216589E+00
   4.36504632E-03  1.90891560E+00  4.09183046E+00
   4.85521703E-03  1.90758131E+00  4.09172281E+00
   5.46793041E-03  1.90690186E+00  4.09157781E+00
   6.23382213E-03  1.90650824E+00  4.09134733E+00
   7.19118679E-03  1.90625407E+00  4.09098046E+00
   8.38789262E-03  1.90631062E+00  4.09057492E+00
   9.88377490E-03  1.90644736E+00  4.09000971E+00
   1.17536277E-02  1.90680519E+00  4.08932836E+00
   1.40909438E-02  1.90740588E+00  4.08852410E+00
   1.70125889E-02  1.90831120E+00  4.08758649E+00
   2.06646452E-02  1.90960135E+00  4.08650099E+00
   2.52297157E-02  1.91137510E+00  4.08524853E+00
   3.09360537E-02  1.91378253E+00  4.08381456E+00
   3.80689763E-02  1.91701026E+00  4.08216796E+00
   4.69851294E-02  1.92130219E+00  4.08021631E+00
   5.81303209E-02  1.92689588E+00  4.07792661E+00
   7.17932162E-02  1.93411717E+00  4.07524112E+00
   8.45791740E-02  1.94101180E+00  4.07266649E+00
   9.71432688E-02  1.94813556E+00  4.07011132E+00
   1.09381450E-01  1.95521670E+00  4.06752579E+00
   1.21142463E-01  1.96217555E+00  4.06493187E+00
   1.32453337E-01  1.96897342E+00  4.06230341E+00
   1.43343205E-01  1.97560159E+00  4.05961468E+00
   1.53830857E-01  1.98207448E+00  4.05685730E+00
   1.63933144E-01  1.98836944E+00  4.05402650E+00
   1.73328452E-01  1.99415391E+00  4.05116375E+00
   1.82586833E-01  1.99994985E+00  4.04818446E+00
   1.91318549E-01  2.00534083E+00  4.04513880E+00
   1.99930136E-01  2.01075498E+00  4.04195471E+00
   2.08046052E-01  2.01576736E+00  4.03869706E+00
   2.15872716E-01  2.02059820E+00  4.03531634E+00
   2.23424313E-01  2.02520510E+00  4.03181956E+00
   2.30708359E-01  2.02958704E+00  4.02821925E+00
   2.37729855E-01  2.03374122E+00  4.02450475E+00
   2.44496427E-01  2.03766766E+00  4.02066946E+00
   2.51017724E-01  2.04137098E+00  4.01673238E+00
   2.57303060E-01  2.04485331E+00  4.01267481E+00
   2.63361414E-01  2.04812279E+00  4.00852603E+00
   2.68999774E-01  2.05101027E+00  4.00439985E+00
   2.74438725E-01  2.05376834E+00  4.00021776E+00
   2.79685744E-01  2.05643447E+00  3.99604585E+00
   2.84748728E-01  2.05909465E+00  3.99192891E+00
   2.89631194E-01  2.06190918E+00  3.98801758E+00
   2.94175803E-01  2.06501475E+00  3.98464432E+00
   2.98559302E-01  2.06911694E+00  3.98212331E+00
   3.01690262E-01  2.07351284E+00  3.98138286E+00
   3.03972401E-01  2.07841659E+00  3.98211125E+00
   3.05593995E-01  2.08374304E+00  3.98404017E+00
   3.06762451E-01  2.08949335E+00  3.98685716E+00
   3.07615978E-01  2.09567338E+00  3.99034717E+00
   3.08247167E-01  2.10224931E+00  3.99432808E+00
   3.08703914E-01  2.10904770E+00  3.99854012E+00
   3.09030744E-01  2.11620300E+00  4.00287890E+00
   3.09270016E-01  2.12354996E+00  4.00721083E+00
   3.09444524E-01  2.13101259E+00  4.01140750E+00
   3.09576925E-01  2.13839532E+00  4.01538128E+00
   3.09673724E-01  2.14543373E+00  4.01893185E+00
   3.09744747E-01  2.15184341E+00  4.02196701E+00
   3.09799977E-01  2.15736762E+00  4.02450571E+00
   3.09841004E-01  2.16150979E+00  4.02639735E+00
   3.09891771E-01  2.16533122E+00  4.02822957E+00
   3.09932384E-01  2.16509887E+00  4.02861781E+00
   3.09964875E-01  2.16207873E+00  4.02795597E+00
   3.09990868E-01  2.15851634E+00  4.02690406E+00
   3.10011662E-01  2.15553407E+00  4.02585153E+00
   3.10028297E-01  2.15336843E+00  4.02493992E+00
   3.10045527E-01  2.15161637E+00  4.02398264E+00
   3.10065450E-01  2.15046293E+00  4.02293000E+00
   3.10088212E-01  2.15029683E+00  4.02184487E+00
   3.10114132E-01  2.15132379E+00  4.02079089E+00
   3.10143463E-01  2.15345637E+00  4.01981221E+00
   3.10176356E-01  2.15632725E+00  4.01892171E+00
   3.10212911E-01  2.15946262E+00  4.01810771E+00
   3.10253287E-01  2.16247245E+00  4.01734688E+00
   3.10297787E-01  2.16514360E+00  4.01661317E+00
   3.10346819E-01  2.16741995E+00  4.01589779E+00
   3.10401115E-01  2.16934425E+00  4.01519383E+00
   3.10461668E-01  2.17098949E+00  4.01449540E+00
   3.10529793E-01  2.17242495E+00  4.01379518E+00
   3.10607204E-01  2.17370568E+00  4.01308357E+00
   3.10696015E-01  2.17487479E+00  4.01235323E+00
   3.10799414E-01  2.17597454E+00  4.01158683E+00
   3.10921780E-01  2.17704619E+00  4.01076095E+00
   3.11066632E-01  2.17811730E+00  4.00986046E+00
   3.11233756E-01  2.17919310E+00  4.00889032E+00
   3.11426065E-01  2.18030242E+00  4.00783408E+00
   3.11642728E-01  2.18144776E+00  4.00669185E+00
   3.11884592E-01  2.18263969E+00  4.00545112E+00
   3.12152522E-01  2.18388347E+00  4.00409253E+00
   3.12446094E-01  2.18517419E+00  4.00259859E+00
   3.12766346E-01  2.18651004E+00  4.00094471E+00
   3.13112755E-01  2.18787686E+00  3.99909718E+00
   3.13483138E-01  2.18924966E+00  3.99702052E+00
   3.13875597E-01  2.19059774E+00  3.99466674E+00
   3.14288595E-01  2.19188219E+00  3.99196732E+00
   3.14717105E-01  2.19304058E+00  3.98887677E+00
   3.15157060E-01  2.19399927E+00  3.98530621E+00
   3.15607137E-01  2.19466598E+00  3.98111767E+00
   3.16063600E-01  2.19490337E+00  3.97618191E+00
   3.16523560E-01  2.19452372E+00  3.97027551E+00
   3.16983871E-01  2.19325378E+00  3.96314005E+00
   3.17441559E-01  2.19069587E+00  3.95440152E+00
   3.17890568E-01  2.18629441E+00  3.94363962E+00
   3.18323447E-01  2.17930668E+00  3.93040452E+00
   3.18730299E-01  2.16887637E+00  3.91433854E+00
   3.19101834E-01  2.15414896E+00  3.89528031E+00
   3.19431065E-01  2.13448219E+00  3.87339569E+00
   3.19719206E-01  2.10917446E+00  3.84876998E+00
   3.19970323E-01  2.07744414E+00  3.82145798E+00
   3.20190634E-01  2.03812225E+00  3.79175703E+00
   3.20386764E-01  1.98937886E+00  3.76626182E+00
   3.20563886E-01  1.92942635E+00  3.75108641E+00
   3.20717455E-01  1.86377742E+00  3.73914633E+00
   3.20840310E-01  1.80867907E+00  3.73097192E+00
   3.20938594E-01  1.77136972E+00  3.72473708E+00
   3.21028720E-01  1.74885071E+00  3.71960325E+00
   3.21110937E-01  1.74010620E+00  3.71471715E+00
   3.21188526E-01  1.74393150E+00  3.71073664E+00
   3.21264345E-01  1.75713068E+00  3.70713265E+00
   3.21340881E-01  1.77717182E+00  3.70366093E+00
   3.21420495E-01  1.80288088E+00  3.70059042E+00
   3.21505895E-01  1.83191885E+00  3.69770688E+00
   3.21599681E-01  1.86278042E+00  3.69490074E+00
   3.21701555E-01  1.89452257E+00  3.69241852E+00
   3.21792596E-01  1.92104620E+00  3.69042959E+00
   3.21881014E-01  1.94502426E+00  3.68848799E+00
   3.21963298E-01  1.96670605E+00  3.68684486E+00
   3.22041186E-01  1.98660706E+00  3.68533976E+00
   3.22114536E-01  2.00492121E+00  3.68393611E+00
   3.22184001E-01  2.02217011E+00  3.68269764E+00
   3.22249880E-01  2.03835221E+00  3.68156552E+00
   3.22312546E-01  2.05355031E+00  3.68049840E+00
   3.22372276E-01  2.06789904E+00  3.67948644E+00
   3.22429367E-01  2.08151712E+00  3.67852048E+00
   3.22484057E-01  2.09444312E+00  3.67757032E+00
   3.22536511E-01  2.10677321E+00  3.67665581E+00
   3.22586971E-01  2.11858129E+00  3.67577821E+00
   3.22635519E-01  2.12984570E+00  3.67494464E+00
   3.22682366E-01  2.14061203E+00  3.67415131E+00
   3.22727618E-01  2.15090810E+00  3.67339593E+00
   3.22771362E-01  2.16078331E+00  3.67268734E+00
   3.22813739E-01  2.17033225E+00  3.67199835E+00
   3.22854819E-01  2.17944877E+00  3.67134362E+00
   3.22894707E-01  2.18823825E+00  3.67071285E+00
   3.22933433E-01  2.19669884E+00  3.67010804E+00
   3.22971084E-01  2.20487115E+00  3.66952493E+00
   3.23007731E-01  2.21277836E+00  3.66896213E+00
   3.23043422E-01  2.22056719E+00  3.66840311E+00
   3.23078186E-01  2.22803663E+00  3.66787580E+00
   3.23112112E-01  2.23526993E+00  3.66734849E+00
   3.23145194E-01  2.24227385E+00  3.66683117E+00
   3.23177496E-01  2.24925086E+00  3.66632403E+00
   3.23209043E-01  2.25592609E+00  3.66584634E+00
   3.23239891E-01  2.26247614E+00  3.66537716E+00
   3.23270030E-01  2.26879888E+00  3.66492675E+00
   3.23299535E-01  2.27500138E+00  3.66448485E+00
   3.23328398E-01  2.28115473E+00  3.66404293E+00
   3.23356673E-01  2.28708769E+00  3.66362167E+00
   3.23384367E-01  2.29289600E+00  3.66320909E+00
   3.23411485E-01  2.29854936E+00  3.66280957E+00
   3.23438073E-01  2.30408226E+00  3.66241958E+00
   3.23464144E-01  2.30943026E+00  3.66200123E+00
   3.23489730E-01  2.31468026E+00  3.66158190E+00
   3.23514833E-01  2.31984166E+00  3.66117114E+00
   3.23539473E-01  2.32505711E+00  3.66076213E+00
   3.23563658E-01  2.33008042E+00  3.66038694E+00
   3.23587434E-01  2.33503820E+00  3.66001702E+00
   3.23610775E-01  2.33984278E+00  3.65966110E+00
   3.23633719E-01  2.34457648E+00  3.65931118E+00
   3.23656268E-01  2.34919778E+00  3.65897122E+00
   3.23678454E-01  2.35374891E+00  3.65863733E+00
   3.23700262E-01  2.35820540E+00  3.65831157E+00
   3.23721723E-01  2.36259550E+00  3.65799162E+00
   3.23742848E-01  2.36690172E+00  3.65767887E+00
   3.23763639E-01  2.37114385E+00  3.65737158E+00
   3.23784104E-01  2.37531311E+00  3.65707068E+00
   3.23804269E-01  2.37939170E+00  3.65675870E+00
   3.23824122E-01  2.38336920E+00  3.65642641E+00
   3.23843682E-01  2.38731633E+00  3.65609789E+00
   3.23862969E-01  2.39121464E+00  3.65577494E+00
   3.23881962E-01  2.39492479E+00  3.65547172E+00
   3.23900701E-01  2.39869438E+00  3.65516229E+00
   3.23919164E-01  2.40237407E+00  3.65486286E+00
   3.23937385E-01  2.40606006E+00  3.65457626E+00
   3.23955361E-01  2.40970488E+00  3.65429805E+00
   3.23973085E-01  2.41329669E+00  3.65402532E+00
   3.23990583E-01  2.41684362E+00  3.65375716E+00
   3.24007847E-01  2.42033892E+00  3.65349410E+00
   3.24024883E-01  2.42365394E+00  3.65324802E+00
   3.24041717E-01  2.42700798E+00  3.65299696E+00
   3.24058312E-01  2.43031956E+00  3.65275122E+00
   3.24074728E-01  2.43362025E+00  3.65250698E+00
   3.24090921E-01  2.43686807E+00  3.65226760E+00
   3.24106935E-01  2.43996567E+00  3.65204211E+00
   3.24122745E-01  2.44311569E+00  3.65181171E+00
   3.24138367E-01  2.44619994E+00  3.65158748E+00
   3.24153809E-01  2.44916331E+00  3.65137428E+00
   3.24169078E-01  2.45213086E+00  3.65112679E+00
   3.24184156E-01  2.45505162E+00  3.65088212E+00
   3.24199084E-01  2.45800914E+00  3.65063459E+00
   3.24213828E-01  2.46090494E+00  3.65039319E+00
   3.24228424E-01  2.46367837E+00  3.65016441E+00
   3.24242853E-01  2.46651940E+00  3.64992957E+00
   3.24257124E-01  2.46926795E+00  3.64970341E+00
   3.24271249E-01  2.47193573E+00  3.64948575E+00
   3.24285228E-01  2.47464205E+00  3.64926466E+00
   3.24299047E-01  2.47728939E+00  3.64904902E+00
   3.24312745E-01  2.47982615E+00  3.64884422E+00
   3.24326290E-01  2.48243147E+00  3.64863335E+00
   3.24339696E-01  2.48498090E+00  3.64844080E+00
   3.24352976E-01  2.48741227E+00  3.64826309E+00
   3.24366125E-01  2.48989515E+00  3.64808099E+00
   3.24379133E-01  2.49230906E+00  3.64790529E+00
   3.24392023E-01  2.49457738E+00  3.64774167E+00
   3.24404794E-01  2.49688409E+00  3.64757406E+00
   3.24417422E-01  2.49910356E+00  3.64741425E+00
   3.24429949E-01  2.50114900E+00  3.64726859E+00
   3.24442350E-01  2.50304313E+00  3.64713387E+00
   3.24454481E-01  2.50488962E+00  3.64700155E+00
   3.24465331E-01  2.50647808E+00  3.64688850E+00
   3.24475527E-01  2.50785183E+00  3.64679053E+00
   3.24484948E-01  2.50898148E+00  3.64671040E+00
   3.24493583E-01  2.50987337E+00  3.64664746E+00
   3.24501834E-01  2.51059999E+00  3.64659650E+00
   3.24509270E-01  2.51114299E+00  3.64655872E+00
   3.24516425E-01  2.51152662E+00  3.64653233E+00
   3.24523237E-01  2.51174509E+00  3.64651774E+00
   3.24529663E-01  2.51179723E+00  3.64651483E+00
   3.24535981E-01  2.51168146E+00  3.64652378E+00
   3.24541927E-01  2.51142521E+00  3.64654293E+00
   3.24547823E-01  2.51101602E+00  3.64657311E+00
   3.24554130E-01  2.51038377E+00  3.64661938E+00
   3.24560252E-01  2.50958112E+00  3.64667788E+00
   3.24566522E-01  2.50856392E+00  3.64675196E+00
   3.24573007E-01  2.50729949E+00  3.64684398E+00
   3.24579670E-01  2.50578702E+00  3.64695415E+00
   3.24586581E-01  2.50400417E+00  3.64708416E+00
   3.24593819E-01  2.50192568E+00  3.64723602E+00
   3.24601955E-01  2.49935947E+00  3.64742396E+00
   3.24611246E-01  2.49619842E+00  3.64765634E+00
   3.24622095E-01  2.49230089E+00  3.64794427E+00
   3.24633566E-01  2.48806779E+00  3.64825876E+00
   3.24645145E-01  2.48378379E+00  3.64857902E+00
   3.24657002E-01  2.47950019E+00  3.64892707E+00
   3.24669136E-01  2.47522144E+00  3.64928155E+00
   3.24681559E-01  2.47098271E+00  3.64963487E+00
   3.24694273E-01  2.46681941E+00  3.64998400E+00
   3.24707279E-01  2.46275983E+00  3.65032654E+00
   3.24720573E-01  2.45881696E+00  3.65066118E+00
   3.24734142E-01  2.45500162E+00  3.65098684E+00
   3.24747992E-01  2.45131120E+00  3.65130361E+00
   3.24762100E-01  2.44769605E+00  3.65158867E+00
   3.24776455E-01  2.44419879E+00  3.65185309E+00
   3.24791058E-01  2.44083306E+00  3.65210884E+00
   3.24805887E-01  2.43758069E+00  3.65235716E+00
   3.24820944E-01  2.43442366E+00  3.65259932E+00
   3.24836218E-01  2.43135251E+00  3.65283593E+00
   3.24851695E-01  2.42835986E+00  3.65306751E+00
   3.24867381E-01  2.42543337E+00  3.65329492E+00
   3.24883278E-01  2.42256499E+00  3.65351867E+00
   3.24899370E-01  2.41975065E+00  3.65373911E+00
   3.24915671E-01  2.41697478E+00  3.65395728E+00
   3.24932169E-01  2.41423932E+00  3.65417308E+00
   3.24948881E-01  2.41153994E+00  3.65438685E+00
   3.24965790E-01  2.40887658E+00  3.65459853E+00
   3.24982918E-01  2.40624243E+00  3.65480862E+00
   3.25000267E-01  2.40363333E+00  3.65501742E+00
   3.25017831E-01  2.40106779E+00  3.65523151E+00
   3.25035628E-01  2.39852042E+00  3.65544661E+00
   3.25053665E-01  2.39599116E+00  3.65566089E+00
   3.25071933E-01  2.39348588E+00  3.65587382E+00
   3.25090454E-01  2.39100237E+00  3.65608548E+00
   3.25109232E-01  2.38854360E+00  3.65629568E+00
   3.25128278E-01  2.38611121E+00  3.65650425E+00
   3.25147586E-01  2.38370688E+00  3.65671097E+00
   3.25167174E-01  2.38133287E+00  3.65691567E+00
   3.25187044E-01  2.37897115E+00  3.65710759E+00
   3.25207190E-01  2.37662981E+00  3.65728373E+00
   3.25227619E-01  2.37434190E+00  3.65745630E+00
   3.25248339E-01  2.37210123E+00  3.65762575E+00
   3.25269347E-01  2.36990614E+00  3.65779219E+00
   3.25290655E-01  2.36775926E+00  3.65795541E+00
   3.25312266E-01  2.36565920E+00  3.65811543E+00
   3.25334184E-01  2.36360211E+00  3.65827250E+00
   3.25356387E-01  2.36160600E+00  3.65842537E+00
   3.25378881E-01  2.35966186E+00  3.65857457E+00
   3.25401671E-01  2.35777081E+00  3.65872002E+00
   3.25424748E-01  2.35593525E+00  3.65886151E+00
   3.25448119E-01  2.35415505E+00  3.65899905E+00
   3.25471770E-01  2.35242916E+00  3.65913268E+00
   3.25495689E-01  2.35075749E+00  3.65926239E+00
   3.25519877E-01  2.34913702E+00  3.65938835E+00
   3.25544330E-01  2.34756543E+00  3.65951077E+00
   3.25569048E-01  2.34603898E+00  3.65962992E+00
   3.25594018E-01  2.34455525E+00  3.65974596E+00
   3.25619210E-01  2.34311143E+00  3.65985904E+00
   3.25644638E-01  2.34169961E+00  3.65996982E+00
   3.25670300E-01  2.34031655E+00  3.66007854E+00
   3.25696195E-01  2.33895432E+00  3.66018578E+00
   3.25722292E-01  2.33761064E+00  3.66029173E+00
   3.25748596E-01  2.33627803E+00  3.66039691E+00
   3.25775093E-01  2.33494922E+00  3.66050193E+00
   3.25801800E-01  2.33361922E+00  3.66060719E+00
   3.25828704E-01  2.33227855E+00  3.66071339E+00
   3.25855791E-01  2.33092995E+00  3.66082033E+00
   3.25883071E-01  2.32956105E+00  3.66092898E+00
   3.25910536E-01  2.32816631E+00  3.66103976E+00
   3.25938203E-01  2.32674097E+00  3.66115306E+00
   3.25966049E-01  2.32528683E+00  3.66126878E+00
   3.25994089E-01  2.32379503E+00  3.66138758E+00
   3.26022322E-01  2.32226913E+00  3.66151263E+00
   3.26050765E-01  2.32069897E+00  3.66164416E+00
   3.26079405E-01  2.31907929E+00  3.66177995E+00
   3.26108255E-01  2.31741125E+00  3.66191990E+00
   3.26137318E-01  2.31569528E+00  3.66206401E+00
   3.26166616E-01  2.31392718E+00  3.66221259E+00
   3.26196145E-01  2.31210840E+00  3.66236558E+00
   3.26225900E-01  2.31024016E+00  3.66252288E+00
   3.26255911E-01  2.30830573E+00  3.66267671E+00
   3.26286190E-01  2.30631130E+00  3.66282606E+00
   3.26316729E-01  2.30427527E+00  3.66297869E+00
   3.26347542E-01  2.30219596E+00  3.66313472E+00
   3.26378649E-01  2.30006895E+00  3.66329450E+00
   3.26410050E-01  2.29789632E+00  3.66345791E+00
   3.26441773E-01  2.29567664E+00  3.66362503E+00
   3.26473809E-01  2.29341397E+00  3.66379560E+00
   3.26506164E-01  2.29110930E+00  3.66396951E+00
   3.26538870E-01  2.28876181E+00  3.66414687E+00
   3.26571947E-01  2.28637404E+00  3.66432749E+00
   3.26605357E-01  2.28395083E+00  3.66451103E+00
   3.26639146E-01  2.28148732E+00  3.66469779E+00
   3.26673322E-01  2.27898832E+00  3.66488750E+00
   3.26707905E-01  2.27645173E+00  3.66508028E+00
   3.26742872E-01  2.27388296E+00  3.66527573E+00
   3.26778253E-01  2.27128036E+00  3.66547399E+00
   3.26814063E-01  2.26864450E+00  3.66567503E+00
   3.26850311E-01  2.26597455E+00  3.66587886E+00
   3.26886990E-01  2.26327227E+00  3.66608540E+00
   3.26924117E-01  2.26053733E+00  3.66629468E+00
   3.26961703E-01  2.25776826E+00  3.66650680E+00
   3.26999772E-01  2.25496366E+00  3.66672185E+00
   3.27038303E-01  2.25212554E+00  3.66693970E+00
   3.27077317E-01  2.24925142E+00  3.66716053E+00
   3.27116845E-01  2.24633796E+00  3.66738459E+00
   3.27156865E-01  2.24338669E+00  3.66761177E+00
   3.27197397E-01  2.24040351E+00  3.66784620E+00
   3.27238467E-01  2.23737415E+00  3.66808487E+00
   3.27280075E-01  2.23427759E+00  3.66831563E+00
   3.27322224E-01  2.23114294E+00  3.66854862E+00
   3.27364935E-01  2.22796409E+00  3.66878506E+00
   3.27408223E-01  2.22473646E+00  3.66902531E+00
   3.27452109E-01  2.22145642E+00  3.66926961E+00
   3.27496588E-01  2.21812383E+00  3.66951798E+00
   3.27541685E-01  2.21473547E+00  3.66977065E+00
   3.27587443E-01  2.21128811E+00  3.67002785E+00
   3.27633822E-01  2.20778487E+00  3.67028934E+00
   3.27680889E-01  2.20422044E+00  3.67055552E+00
   3.27728664E-01  2.20059323E+00  3.67082646E+00
   3.27777128E-01  2.19690555E+00  3.67110202E+00
   3.27826340E-01  2.19315336E+00  3.67138247E+00
   3.27876309E-01  2.18933700E+00  3.67166777E+00
   3.27927060E-01  2.18545549E+00  3.67195797E+00
   3.27978613E-01  2.18150858E+00  3.67225305E+00
   3.28031009E-01  2.17749448E+00  3.67255315E+00
   3.28084267E-01  2.17341031E+00  3.67285544E+00
   3.28138395E-01  2.16925950E+00  3.67316075E+00
   3.28193465E-01  2.16503975E+00  3.67347104E+00
   3.28249459E-01  2.16077233E+00  3.67379531E+00
   3.28306446E-01  2.15641806E+00  3.67411996E+00
   3.28364460E-01  2.15199478E+00  3.67444959E+00
   3.28423487E-01  2.14750568E+00  3.67478390E+00
   3.28483612E-01  2.14294677E+00  3.67512318E+00
   3.28544848E-01  2.13831857E+00  3.67546733E+00
   3.28607230E-01  2.13362121E+00  3.67581627E+00
   3.28670814E-01  2.12885414E+00  3.67617004E+00
   3.28735625E-01  2.12401831E+00  3.67652850E+00
   3.28801704E-01  2.11911360E+00  3.67689158E+00
   3.28869124E-01  2.11413970E+00  3.67725931E+00
   3.28937882E-01  2.10909910E+00  3.67763140E+00
   3.29008088E-01  2.10398921E+00  3.67800806E+00
   3.29079730E-01  2.09881479E+00  3.67838880E+00
   3.29152905E-01  2.09357397E+00  3.67877378E+00
   3.29227653E-01  2.08832216E+00  3.67919085E+00
   3.29304031E-01  2.08303597E+00  3.67963922E+00
   3.29382121E-01  2.07754507E+00  3.68002946E+00
   3.29461923E-01  2.07203111E+00  3.68042061E+00
   3.29543562E-01  2.06647263E+00  3.68081413E+00
   3.29627050E-01  2.06086524E+00  3.68121028E+00
   3.29712525E-01  2.05520470E+00  3.68160938E+00
   3.29800010E-01  2.04950183E+00  3.68201067E+00
   3.29889611E-01  2.04375383E+00  3.68241439E+00
   3.29981392E-01  2.03796845E+00  3.68282004E+00
   3.30075440E-01  2.03214888E+00  3.68322756E+00
   3.30171842E-01  2.02629572E+00  3.68363694E+00
   3.30270650E-01  2.02042102E+00  3.68404749E+00
   3.30372026E-01  2.01457690E+00  3.68449055E+00
   3.30475980E-01  2.00880781E+00  3.68499171E+00
   3.30582696E-01  2.00298166E+00  3.68549604E+00
   3.30692174E-01  1.99704794E+00  3.68595555E+00
   3.30804507E-01  1.99113985E+00  3.68641363E+00
   3.30919842E-01  1.98525027E+00  3.68687124E+00
   3.31038251E-01  1.97937191E+00  3.68732898E+00
   3.31159858E-01  1.97351755E+00  3.68778624E+00
   3.31284763E-01  1.96768522E+00  3.68824354E+00
   3.31413095E-01  1.96188207E+00  3.68870050E+00
   3.31544904E-01  1.95612816E+00  3.68915616E+00
   3.31680391E-01  1.95041450E+00  3.68961141E+00
   3.31819603E-01  1.94478006E+00  3.69007868E+00
   3.31962669E-01  1.93925711E+00  3.69057502E+00
   3.32109797E-01  1.93377617E+00  3.69107159E+00
   3.32260956E-01  1.92836698E+00  3.69156658E+00
   3.32416384E-01  1.92303312E+00  3.69205858E+00
   3.32576140E-01  1.91767243E+00  3.69248563E+00
   3.32740277E-01  1.91244819E+00  3.69290905E+00
   3.32909019E-01  1.90733631E+00  3.69333144E+00
   3.33082428E-01  1.90233478E+00  3.69375296E+00
   3.33260572E-01  1.89746256E+00  3.69417272E+00
   3.33443671E-01  1.89271365E+00  3.69459197E+00
   3.33631738E-01  1.88810186E+00  3.69500983E+00
   3.33824868E-01  1.88363766E+00  3.69542657E+00
   3.34023141E-01  1.87932661E+00  3.69585079E+00
   3.34226667E-01  1.87523134E+00  3.69631370E+00
   3.34435538E-01  1.87127422E+00  3.69677648E+00
   3.34649724E-01  1.86747097E+00  3.69723917E+00
   3.34869224E-01  1.86383134E+00  3.69770219E+00
   3.35094099E-01  1.86036607E+00  3.69816445E+00
   3.35324327E-01  1.85707126E+00  3.69862830E+00
   3.35559638E-01  1.85395648E+00  3.69909427E+00
   3.35800029E-01  1.85102416E+00  3.69956286E+00
   3.36045226E-01  1.84833806E+00  3.70002244E+00
   3.36296626E-01  1.84622286E+00  3.70039716E+00
   3.36563222E-01  1.84556753E+00  3.70048753E+00
   3.36856436E-01  1.85310591E+00  3.69911527E+00
   3.37091008E-01  1.86270423E+00  3.69794273E+00
   3.37346928E-01  1.87049200E+00  3.69717907E+00
   3.37551664E-01  1.87483802E+00  3.69677142E+00
   3.37740496E-01  1.87801484E+00  3.69647112E+00
   3.37932149E-01  1.88089887E+00  3.69619544E+00
   3.38121907E-01  1.88373574E+00  3.69592604E+00
   3.38315061E-01  1.88682921E+00  3.69565846E+00
   3.38513640E-01  1.89028717E+00  3.69535815E+00
   3.38721165E-01  1.89423268E+00  3.69501842E+00
   3.38940383E-01  1.89868824E+00  3.69464091E+00
   3.39175449E-01  1.90360619E+00  3.69423296E+00
   3.39430746E-01  1.90885011E+00  3.69380841E+00
   3.39707677E-01  1.91413689E+00  3.69339140E+00
   3.39996846E-01  1.91900902E+00  3.69301757E+00
   3.40274036E-01  1.92305149E+00  3.69271476E+00
   3.40530170E-01  1.92625748E+00  3.69243602E+00
   3.40770009E-01  1.92894562E+00  3.69220470E+00
   3.40999927E-01  1.93128503E+00  3.69200559E+00
   3.41224091E-01  1.93336937E+00  3.69183042E+00
   3.41444529E-01  1.93524480E+00  3.69167434E+00
   3.41662697E-01  1.93694362E+00  3.69153497E+00
   3.41879198E-01  1.93846729E+00  3.69141177E+00
   3.42094337E-01  1.93981704E+00  3.69130453E+00
   3.42308472E-01  1.94099854E+00  3.69121306E+00
   3.42521733E-01  1.94201418E+00  3.69113667E+00
   3.42734435E-01  1.94287474E+00  3.69107452E+00
   3.42946830E-01  1.94359156E+00  3.69102555E+00
   3.43159028E-01  1.94417782E+00  3.69098847E+00
   3.43371381E-01  1.94464941E+00  3.69096195E+00
   3.43584025E-01  1.94502013E+00  3.69094452E+00
   3.43797135E-01  1.94530721E+00  3.69093477E+00
   3.44010953E-01  1.94552528E+00  3.69093140E+00
   3.44225474E-01  1.94568897E+00  3.69093311E+00
   3.44440970E-01  1.94580757E+00  3.69093871E+00
   3.44657366E-01  1.94589664E+00  3.69094729E+00
   3.44874864E-01  1.94596238E+00  3.69095800E+00
   3.45093433E-01  1.94601311E+00  3.69097017E+00
   3.45313142E-01  1.94605418E+00  3.69098323E+00
   3.45534037E-01  1.94609062E+00  3.69099688E+00
   3.45756066E-01  1.94612707E+00  3.69101087E+00
   3.45979359E-01  1.94616152E+00  3.69102475E+00
   3.46203748E-01  1.94620014E+00  3.69103856E+00
   3.46429461E-01  1.94624176E+00  3.69105218E+00
   3.46656235E-01  1.94628793E+00  3.69106546E+00
   3.46884334E-01  1.94633934E+00  3.69107866E+00
   3.47113497E-01  1.94639134E+00  3.69109153E+00
   3.47343936E-01  1.94644787E+00  3.69110430E+00
   3.47575517E-01  1.94650732E+00  3.69111695E+00
   3.47808296E-01  1.94656908E+00  3.69112949E+00
   3.48042314E-01  1.94663351E+00  3.69114198E+00
   3.48277471E-01  1.94669905E+00  3.69115431E+00
   3.48513927E-01  1.94676812E+00  3.69116669E+00
   3.48751508E-01  1.94683917E+00  3.69117899E+00
   3.48990375E-01  1.94691079E+00  3.69119119E+00
   3.49230436E-01  1.94698598E+00  3.69120331E+00
   3.49471767E-01  1.94706391E+00  3.69121546E+00
   3.49714368E-01  1.94714187E+00  3.69122747E+00
   3.49958180E-01  1.94722320E+00  3.69123941E+00
   3.50203304E-01  1.94730797E+00  3.69125140E+00
   3.50449686E-01  1.94739254E+00  3.69126324E+00
   3.50697374E-01  1.94748058E+00  3.69127504E+00
   3.50946387E-01  1.94757129E+00  3.69128681E+00
   3.51196687E-01  1.94766348E+00  3.69129851E+00
   3.51448326E-01  1.94775826E+00  3.69131014E+00
   3.51701309E-01  1.94785490E+00  3.69132168E+00
   3.51955615E-01  1.94795491E+00  3.69133320E+00
   3.52211358E-01  1.94805652E+00  3.69134463E+00
   3.52468399E-01  1.94816085E+00  3.69135596E+00
   3.52726847E-01  1.94827002E+00  3.69136708E+00
   3.52986758E-01  1.94837688E+00  3.69137846E+00
   3.53247964E-01  1.94848950E+00  3.69138955E+00
   3.53510721E-01  1.94860685E+00  3.69140038E+00
   3.53774887E-01  1.94872689E+00  3.69141092E+00
   3.54040455E-01  1.94885231E+00  3.69142136E+00
   3.54307559E-01  1.94897872E+00  3.69143166E+00
   3.54576072E-01  1.94911006E+00  3.69144190E+00
   3.54846054E-01  1.94924306E+00  3.69145198E+00
   3.55117602E-01  1.94937953E+00  3.69146197E+00
   3.55390603E-01  1.94951991E+00  3.69147187E+00
   3.55665131E-01  1.94966146E+00  3.69148155E+00
   3.55941255E-01  1.94980831E+00  3.69149122E+00
   3.56218890E-01  1.94995620E+00  3.69150068E+00
   3.56498039E-01  1.95010941E+00  3.69151003E+00
   3.56778854E-01  1.95026453E+00  3.69151923E+00
   3.57061221E-01  1.95105140E+00  3.69146209E+00
   3.57352663E-01  1.95350859E+00  3.69123543E+00
   3.57655469E-01  1.95750008E+00  3.69086480E+00
   3.57953143E-01  1.96162891E+00  3.69051367E+00
   3.58238701E-01  1.96535411E+00  3.69021507E+00
   3.58519192E-01  1.96860804E+00  3.68995873E+00
   3.58793357E-01  1.97128967E+00  3.68975238E+00
   3.59062615E-01  1.97336652E+00  3.68959819E+00
   3.59327714E-01  1.97486947E+00  3.68949284E+00
   3.59590154E-01  1.97587543E+00  3.68942951E+00
   3.59851076E-01  1.97648319E+00  3.68939963E+00
   3.60111663E-01  1.97680302E+00  3.68939383E+00
   3.60372830E-01  1.97693691E+00  3.68940350E+00
   3.60635299E-01  1.97696771E+00  3.68942190E+00
   3.60899423E-01  1.97694493E+00  3.68944469E+00
   3.61165430E-01  1.97690901E+00  3.68946872E+00
   3.61433529E-01  1.97687721E+00  3.68949230E+00
   3.61703772E-01  1.97686853E+00  3.68951425E+00
   3.61976175E-01  1.97687944E+00  3.68953457E+00
   3.62250610E-01  1.97690540E+00  3.68955384E+00
   3.62527030E-01  1.97694127E+00  3.68957256E+00
   3.62805497E-01  1.97698261E+00  3.68959113E+00
   3.63085991E-01  1.97702363E+00  3.68960971E+00
   3.63368431E-01  1.97708695E+00  3.68962680E+00
   3.63653077E-01  1.97715102E+00  3.68964382E+00
   3.63939551E-01  1.97723046E+00  3.68965967E+00
   3.64228249E-01  1.97731942E+00  3.68967504E+00
   3.64518894E-01  1.97741332E+00  3.68969029E+00
   3.64811511E-01  1.97801344E+00  3.68965859E+00
   3.65111810E-01  1.97993319E+00  3.68950839E+00
   3.65422052E-01  1.98286196E+00  3.68927366E+00
   3.65728623E-01  1.98551124E+00  3.68906935E+00
   3.66025611E-01  1.98735571E+00  3.68893630E+00
   3.66318137E-01  1.98849904E+00  3.68886344E+00
   3.66608519E-01  1.98910765E+00  3.68883605E+00
   3.66898344E-01  1.98936478E+00  3.68883828E+00
   3.67189132E-01  1.98943042E+00  3.68885650E+00
   3.67481792E-01  1.98943579E+00  3.68887975E+00
   3.67777036E-01  1.98943060E+00  3.68890392E+00
   3.68074613E-01  1.98942704E+00  3.68892805E+00
   3.68374614E-01  1.98942820E+00  3.68895212E+00
   3.68677014E-01  1.98943460E+00  3.68897601E+00
   3.68981898E-01  1.98946188E+00  3.68899814E+00
   3.69289523E-01  1.98951586E+00  3.68901820E+00
   3.69599688E-01  1.98958605E+00  3.68903735E+00
   3.69912317E-01  1.98966046E+00  3.68905616E+00
   3.70227437E-01  1.98993611E+00  3.68905662E+00
   3.70547426E-01  1.99188411E+00  3.68890311E+00
   3.70887969E-01  1.99511400E+00  3.68864278E+00
   3.71220792E-01  1.99769632E+00  3.68844623E+00
   3.71541704E-01  1.99925517E+00  3.68833936E+00
   3.71859273E-01  1.99995823E+00  3.68830696E+00
   3.72174178E-01  2.00020457E+00  3.68831250E+00
   3.72491652E-01  2.00025611E+00  3.68833429E+00
   3.72811299E-01  2.00025029E+00  3.68836101E+00
   3.73134013E-01  2.00021691E+00  3.68839025E+00
   3.73459370E-01  2.00018236E+00  3.68841982E+00
   3.73787903E-01  2.00017938E+00  3.68844669E+00
   3.74119858E-01  2.00021067E+00  3.68847116E+00
   3.74454862E-01  2.00025834E+00  3.68849425E+00
   3.74792952E-01  2.00187295E+00  3.68837213E+00
   3.75148684E-01  2.00506650E+00  3.68809525E+00
   3.75500703E-01  2.00759085E+00  3.68788068E+00
   3.75847854E-01  2.00894914E+00  3.68778105E+00
   3.76187249E-01  2.00940158E+00  3.68776772E+00
   3.76527154E-01  2.00950471E+00  3.68778651E+00
   3.76870814E-01  2.00948991E+00  3.68781632E+00
   3.77217453E-01  2.00941084E+00  3.68785244E+00
   3.77567406E-01  2.00935716E+00  3.68788633E+00
   3.77921789E-01  2.00933549E+00  3.68791722E+00
   3.78279951E-01  2.00948799E+00  3.68793100E+00
   3.78639194E-01  2.01176318E+00  3.68772800E+00
   3.78997098E-01  2.01489659E+00  3.68744699E+00
   3.79351609E-01  2.01685856E+00  3.68728818E+00
   3.79710221E-01  2.01754308E+00  3.68725514E+00
   3.80067908E-01  2.01764002E+00  3.68727645E+00
   3.80427272E-01  2.01758493E+00  3.68731165E+00
   3.80788363E-01  2.01745218E+00  3.68735421E+00
   3.81151214E-01  2.01860033E+00  3.68726555E+00
   3.81514335E-01  2.02095122E+00  3.68705946E+00
   3.81875874E-01  2.02249633E+00  3.68693991E+00
   3.82236751E-01  2.02295466E+00  3.68692783E+00
   3.82598918E-01  2.02300282E+00  3.68695367E+00
   3.82962914E-01  2.02289696E+00  3.68699389E+00
   3.83328806E-01  2.02288713E+00  3.68702394E+00
   3.83696707E-01  2.02477409E+00  3.68686000E+00
   3.84064446E-01  2.02685252E+00  3.68668394E+00
   3.84431180E-01  2.02770774E+00  3.68663356E+00
   3.84798849E-01  2.02789225E+00  3.68664691E+00
   3.85168437E-01  2.02780377E+00  3.68668611E+00
   3.85540054E-01  2.02791956E+00  3.68670347E+00
   3.85913739E-01  2.02987675E+00  3.68653257E+00
   3.86287639E-01  2.03168205E+00  3.68638437E+00
   3.86661342E-01  2.03224842E+00  3.68636235E+00
   3.87036601E-01  2.03229349E+00  3.68638908E+00
   3.87414234E-01  2.03213615E+00  3.68643531E+00
   3.87794267E-01  2.03350226E+00  3.68632392E+00
   3.88175585E-01  2.03544990E+00  3.68615839E+00
   3.88557455E-01  2.03670423E+00  3.68606625E+00
   3.88940389E-01  2.03748341E+00  3.68602020E+00
   3.89325148E-01  2.03750404E+00  3.68605066E+00
   3.89712499E-01  2.03735569E+00  3.68609579E+00
   3.90102612E-01  2.03722597E+00  3.68613910E+00
   3.90495653E-01  2.03908924E+00  3.68597591E+00
   3.90890852E-01  2.04066939E+00  3.68584998E+00
   3.91287760E-01  2.04179947E+00  3.68578242E+00
   3.91687044E-01  2.04191151E+00  3.68580298E+00
   3.92089306E-01  2.04173656E+00  3.68584505E+00
   3.92494814E-01  2.04199112E+00  3.68584992E+00
   3.92903704E-01  2.04390940E+00  3.68571529E+00
   3.93315986E-01  2.04536512E+00  3.68562508E+00
   3.93723603E-01  2.04584241E+00  3.68561521E+00
   3.94136835E-01  2.04570137E+00  3.68565547E+00
   3.94553523E-01  2.04578911E+00  3.68567443E+00
   3.94974542E-01  2.04761345E+00  3.68554643E+00
   3.95401106E-01  2.04899174E+00  3.68546193E+00
   3.95833060E-01  2.04912794E+00  3.68548143E+00
   3.96268990E-01  2.04881355E+00  3.68553591E+00
   3.96700356E-01  2.05008903E+00  3.68545250E+00
   3.97141285E-01  2.05125976E+00  3.68538341E+00
   3.97589366E-01  2.05191727E+00  3.68535766E+00
   3.98044069E-01  2.05231205E+00  3.68535295E+00
   3.98505144E-01  2.05304883E+00  3.68531812E+00
   3.98964189E-01  2.05373925E+00  3.68528773E+00
   3.99435184E-01  2.05463763E+00  3.68523934E+00
   3.99916091E-01  2.05490545E+00  3.68524612E+00
   4.00394810E-01  2.05535156E+00  3.68523477E+00
   4.00886423E-01  2.05640028E+00  3.68517237E+00
   4.01392042E-01  2.05730429E+00  3.68512428E+00
   4.01899974E-01  2.05805882E+00  3.68508778E+00
   4.02427003E-01  2.05904488E+00  3.68503094E+00
   4.02958932E-01  2.05967141E+00  3.68500521E+00
   4.03514187E-01  2.06052514E+00  3.68495892E+00
   4.04074900E-01  2.06141036E+00  3.68490945E+00
   4.04668116E-01  2.06223331E+00  3.68486607E+00
   4.05271701E-01  2.06374696E+00  3.68476107E+00
   4.05902685E-01  2.06475091E+00  3.68470197E+00
   4.06559337E-01  2.06650381E+00  3.68457532E+00
   4.07281857E-01  2.06814681E+00  3.68446060E+00
   4.08053338E-01  2.07015478E+00  3.68431303E+00
   4.08891153E-01  2.07289909E+00  3.68410243E+00
   4.09783348E-01  2.07701758E+00  3.68377419E+00
   4.10837100E-01  2.08266316E+00  3.68332129E+00
   4.12140054E-01  2.09277160E+00  3.68236940E+00
   4.13768747E-01  2.11308804E+00  3.68045087E+00
